1.00000, 0.00040, -0.00000
0.99997, 0.00440, -0.00000
0.99989, 0.00840, -0.00000
0.99976, 0.01240, -0.00000
0.99958, 0.01639, -0.00000
0.99935, 0.02039, -0.00001
0.99907, 0.02438, -0.00001
0.99874, 0.02837, -0.00001
0.99836, 0.03235, -0.00002
0.99793, 0.03633, -0.00003
0.99745, 0.04031, -0.00004
0.99693, 0.04428, -0.00006
0.99635, 0.04824, -0.00007
0.99572, 0.05220, -0.00009
0.99505, 0.05615, -0.00011
0.99432, 0.06009, -0.00014
0.99355, 0.06403, -0.00017
0.99272, 0.06795, -0.00020
0.99185, 0.07187, -0.00024
0.99093, 0.07578, -0.00028
0.98996, 0.07967, -0.00033
0.98895, 0.08356, -0.00038
0.98788, 0.08744, -0.00043
0.98677, 0.09130, -0.00050
0.98561, 0.09515, -0.00056
0.98441, 0.09899, -0.00063
0.98315, 0.10282, -0.00071
0.98185, 0.10663, -0.00080
0.98050, 0.11043, -0.00089
0.97911, 0.11421, -0.00098
0.97767, 0.11798, -0.00109
0.97618, 0.12174, -0.00120
0.97465, 0.12547, -0.00131
0.97308, 0.12920, -0.00144
0.97145, 0.13290, -0.00157
0.96979, 0.13659, -0.00171
0.96807, 0.14026, -0.00186
0.96632, 0.14391, -0.00201
0.96452, 0.14754, -0.00217
0.96267, 0.15115, -0.00235
0.96079, 0.15475, -0.00253
0.95886, 0.15832, -0.00271
0.95688, 0.16187, -0.00291
0.95487, 0.16540, -0.00312
0.95281, 0.16892, -0.00333
0.95071, 0.17241, -0.00356
0.94856, 0.17587, -0.00379
0.94638, 0.17932, -0.00404
0.94416, 0.18274, -0.00429
0.94189, 0.18614, -0.00455
0.93959, 0.18951, -0.00483
0.93724, 0.19286, -0.00511
0.93486, 0.19619, -0.00540
0.93243, 0.19949, -0.00571
0.92997, 0.20277, -0.00602
0.92747, 0.20602, -0.00635
0.92493, 0.20924, -0.00669
0.92235, 0.21244, -0.00703
0.91973, 0.21561, -0.00739
0.91708, 0.21875, -0.00776
0.91439, 0.22187, -0.00814
0.91167, 0.22495, -0.00854
0.90891, 0.22801, -0.00894
0.90611, 0.23104, -0.00936
0.90328, 0.23405, -0.00979
0.90041, 0.23702, -0.01023
0.89751, 0.23996, -0.01068
0.89457, 0.24287, -0.01114
0.89160, 0.24576, -0.01162
0.88860, 0.24861, -0.01211
0.88556, 0.25143, -0.01261
0.88250, 0.25422, -0.01312
0.87940, 0.25697, -0.01365
0.87626, 0.25970, -0.01419
0.87310, 0.26239, -0.01474
0.86991, 0.26505, -0.01531
0.86668, 0.26767, -0.01589
0.86343, 0.27027, -0.01648
0.86015, 0.27283, -0.01708
0.85683, 0.27535, -0.01770
0.85349, 0.27784, -0.01833
0.85012, 0.28030, -0.01898
0.84672, 0.28272, -0.01964
0.84330, 0.28510, -0.02031
0.83985, 0.28745, -0.02100
0.83637, 0.28976, -0.02170
0.83286, 0.29204, -0.02241
0.82933, 0.29428, -0.02314
0.82578, 0.29648, -0.02388
0.82220, 0.29865, -0.02464
0.81860, 0.30078, -0.02541
0.81497, 0.30287, -0.02620
0.81132, 0.30492, -0.02700
0.80765, 0.30693, -0.02781
0.80395, 0.30891, -0.02864
0.80024, 0.31084, -0.02948
0.79650, 0.31274, -0.03034
0.79274, 0.31459, -0.03122
0.78896, 0.31641, -0.03210
0.78516, 0.31819, -0.03301
0.78135, 0.31992, -0.03393
0.77751, 0.32162, -0.03486
0.77366, 0.32327, -0.03581
0.76979, 0.32488, -0.03677
0.76590, 0.32645, -0.03775
0.76200, 0.32798, -0.03874
0.75808, 0.32947, -0.03975
0.75414, 0.33091, -0.04078
0.75019, 0.33231, -0.04182
0.74623, 0.33367, -0.04287
0.74225, 0.33499, -0.04395
0.73826, 0.33626, -0.04503
0.73426, 0.33749, -0.04614
0.73025, 0.33867, -0.04725
0.72622, 0.33981, -0.04839
0.72219, 0.34091, -0.04954
0.71814, 0.34196, -0.05071
0.71409, 0.34296, -0.05189
0.71003, 0.34392, -0.05309
0.70596, 0.34484, -0.05430
0.70188, 0.34571, -0.05553
0.69779, 0.34653, -0.05678
0.69371, 0.34731, -0.05804
0.68961, 0.34804, -0.05932
0.68551, 0.34872, -0.06061
0.68141, 0.34936, -0.06192
0.67731, 0.34995, -0.06325
0.67320, 0.35049, -0.06459
0.66909, 0.35099, -0.06595
0.66498, 0.35144, -0.06733
0.66087, 0.35184, -0.06872
0.65676, 0.35219, -0.07013
0.65266, 0.35250, -0.07155
0.64855, 0.35275, -0.07299
0.64445, 0.35296, -0.07445
0.64036, 0.35312, -0.07593
0.63626, 0.35323, -0.07742
0.63218, 0.35330, -0.07892
0.62810, 0.35331, -0.08044
0.62403, 0.35328, -0.08198
0.61996, 0.35319, -0.08354
0.61591, 0.35306, -0.08511
0.61187, 0.35288, -0.08670
0.60783, 0.35264, -0.08830
0.60381, 0.35236, -0.08992
0.59980, 0.35203, -0.09155
0.59581, 0.35165, -0.09321
0.59183, 0.35122, -0.09487
0.58787, 0.35074, -0.09656
0.58392, 0.35022, -0.09826
0.57999, 0.34964, -0.09997
0.57608, 0.34901, -0.10170
0.57219, 0.34833, -0.10345
0.56832, 0.34761, -0.10521
0.56447, 0.34683, -0.10698
0.56065, 0.34601, -0.10878
0.55684, 0.34513, -0.11058
0.55307, 0.34421, -0.11240
0.54932, 0.34324, -0.11424
0.54560, 0.34222, -0.11609
0.54190, 0.34115, -0.11796
0.53824, 0.34003, -0.11984
0.53460, 0.33887, -0.12173
0.53100, 0.33765, -0.12364
0.52743, 0.33639, -0.12556
0.52390, 0.33508, -0.12750
0.52040, 0.33373, -0.12944
0.51694, 0.33233, -0.13140
0.51351, 0.33088, -0.13338
0.51013, 0.32938, -0.13536
0.50678, 0.32785, -0.13736
0.50348, 0.32626, -0.13937
0.50022, 0.32463, -0.14139
0.49700, 0.32296, -0.14343
0.49383, 0.32124, -0.14547
0.49070, 0.31948, -0.14752
0.48762, 0.31768, -0.14959
0.48459, 0.31584, -0.15166
0.48161, 0.31395, -0.15374
0.47868, 0.31203, -0.15583
0.47581, 0.31007, -0.15793
0.47299, 0.30806, -0.16004
0.47022, 0.30602, -0.16216
0.46751, 0.30395, -0.16428
0.46486, 0.30183, -0.16641
0.46227, 0.29968, -0.16854
0.45973, 0.29750, -0.17068
0.45726, 0.29528, -0.17282
0.45485, 0.29304, -0.17497
0.45250, 0.29076, -0.17712
0.45022, 0.28845, -0.17928
0.44801, 0.28611, -0.18143
0.44586, 0.28375, -0.18359
0.44377, 0.28135, -0.18575
0.44176, 0.27894, -0.18791
0.43982, 0.27650, -0.19006
0.43795, 0.27404, -0.19222
0.43615, 0.27156, -0.19437
0.43442, 0.26906, -0.19652
0.43277, 0.26654, -0.19866
0.43119, 0.26401, -0.20080
0.42968, 0.26146, -0.20293
0.42826, 0.25890, -0.20506
0.42690, 0.25633, -0.20718
0.42563, 0.25375, -0.20929
0.42443, 0.25116, -0.21139
0.42331, 0.24857, -0.21348
0.42227, 0.24597, -0.21556
0.42131, 0.24337, -0.21762
0.42043, 0.24078, -0.21968
0.41963, 0.23818, -0.22171
0.41890, 0.23559, -0.22374
0.41826, 0.23300, -0.22574
0.41769, 0.23042, -0.22773
0.41721, 0.22786, -0.22970
0.41680, 0.22530, -0.23164
0.41647, 0.22276, -0.23357
0.41622, 0.22024, -0.23548
0.41605, 0.21773, -0.23736
0.41596, 0.21524, -0.23922
0.41594, 0.21278, -0.24105
0.41600, 0.21034, -0.24286
0.41614, 0.20792, -0.24464
0.41635, 0.20554, -0.24640
0.41663, 0.20318, -0.24812
0.41699, 0.20086, -0.24981
0.41742, 0.19857, -0.25148
0.41791, 0.19631, -0.25311
0.41848, 0.19410, -0.25471
0.41911, 0.19192, -0.25627
0.41981, 0.18978, -0.25780
0.42058, 0.18769, -0.25930
0.42141, 0.18564, -0.26076
0.42230, 0.18364, -0.26218
0.42325, 0.18169, -0.26357
0.42425, 0.17978, -0.26491
0.42532, 0.17793, -0.26622
0.42643, 0.17612, -0.26749
0.42760, 0.17437, -0.26872
0.42882, 0.17268, -0.26991
0.43009, 0.17104, -0.27106
0.43140, 0.16946, -0.27216
0.43276, 0.16793, -0.27323
0.43416, 0.16646, -0.27425
0.43560, 0.16506, -0.27523
0.43707, 0.16371, -0.27617
0.43859, 0.16242, -0.27706
0.44013, 0.16120, -0.27791
0.44171, 0.16003, -0.27872
0.44331, 0.15893, -0.27948
0.44494, 0.15789, -0.28020
0.44660, 0.15692, -0.28088
0.44827, 0.15600, -0.28151
0.44997, 0.15515, -0.28210
0.45168, 0.15437, -0.28264
0.45341, 0.15365, -0.28315
0.45516, 0.15299, -0.28360
0.45691, 0.15239, -0.28402
0.45868, 0.15186, -0.28439
0.46045, 0.15139, -0.28472
0.46223, 0.15099, -0.28501
0.46401, 0.15064, -0.28525
0.46579, 0.15036, -0.28546
0.46757, 0.15014, -0.28562
0.46935, 0.14998, -0.28574
0.47112, 0.14989, -0.28582
0.47289, 0.14985, -0.28585
0.47465, 0.14987, -0.28585
0.47640, 0.14995, -0.28581
0.47814, 0.15009, -0.28573
0.47986, 0.15028, -0.28561
0.48158, 0.15053, -0.28545
0.48327, 0.15084, -0.28526
0.48495, 0.15120, -0.28503
0.48662, 0.15162, -0.28476
0.48826, 0.15209, -0.28445
0.48988, 0.15261, -0.28411
0.49148, 0.15318, -0.28374
0.49305, 0.15381, -0.28333
0.49460, 0.15448, -0.28288
0.49613, 0.15520, -0.28241
0.49762, 0.15597, -0.28190
0.49909, 0.15679, -0.28135
0.50053, 0.15765, -0.28078
0.50194, 0.15856, -0.28018
0.50332, 0.15951, -0.27954
0.50467, 0.16050, -0.27888
0.50599, 0.16153, -0.27818
0.50727, 0.16261, -0.27746
0.50852, 0.16373, -0.27671
0.50974, 0.16488, -0.27593
0.51092, 0.16607, -0.27512
0.51206, 0.16730, -0.27429
0.51317, 0.16856, -0.27343
0.51424, 0.16986, -0.27255
0.51527, 0.17120, -0.27164
0.51627, 0.17256, -0.27071
0.51723, 0.17396, -0.26976
0.51815, 0.17539, -0.26878
0.51903, 0.17685, -0.26778
0.51987, 0.17833, -0.26676
0.52067, 0.17985, -0.26571
0.52143, 0.18139, -0.26465
0.52215, 0.18296, -0.26356
0.52283, 0.18456, -0.26246
0.52347, 0.18618, -0.26133
0.52407, 0.18782, -0.26019
0.52462, 0.18948, -0.25903
0.52514, 0.19117, -0.25785
0.52561, 0.19288, -0.25665
0.52604, 0.19460, -0.25544
0.52643, 0.19635, -0.25421
0.52678, 0.19812, -0.25297
0.52709, 0.19990, -0.25171
0.52735, 0.20170, -0.25043
0.52757, 0.20352, -0.24914
0.52775, 0.20535, -0.24784
0.52789, 0.20719, -0.24652
0.52799, 0.20905, -0.24519
0.52804, 0.21092, -0.24385
0.52805, 0.21281, -0.24249
0.52802, 0.21470, -0.24112
0.52795, 0.21661, -0.23974
0.52784, 0.21853, -0.23835
0.52768, 0.22045, -0.23695
0.52749, 0.22239, -0.23554
0.52725, 0.22433, -0.23412
0.52697, 0.22628, -0.23269
0.52664, 0.22824, -0.23125
0.52628, 0.23020, -0.22980
0.52588, 0.23217, -0.22834
0.52543, 0.23414, -0.22687
0.52495, 0.23612, -0.22540
0.52442, 0.23810, -0.22392
0.52385, 0.24009, -0.22243
0.52324, 0.24207, -0.22094
0.52260, 0.24406, -0.21943
0.52191, 0.24605, -0.21793
0.52118, 0.24804, -0.21641
0.52041, 0.25003, -0.21489
0.51961, 0.25202, -0.21337
0.51876, 0.25401, -0.21184
0.51787, 0.25600, -0.21031
0.51695, 0.25799, -0.20877
0.51599, 0.25997, -0.20723
0.51498, 0.26195, -0.20568
0.51394, 0.26393, -0.20414
0.51287, 0.26590, -0.20258
0.51175, 0.26787, -0.20103
0.51060, 0.26984, -0.19947
0.50941, 0.27180, -0.19791
0.50818, 0.27375, -0.19635
0.50691, 0.27570, -0.19479
0.50561, 0.27764, -0.19322
0.50427, 0.27957, -0.19166
0.50290, 0.28150, -0.19009
0.50149, 0.28342, -0.18852
0.50004, 0.28533, -0.18695
0.49856, 0.28723, -0.18538
0.49704, 0.28913, -0.18381
0.49549, 0.29101, -0.18225
0.49390, 0.29288, -0.18068
0.49228, 0.29475, -0.17911
0.49063, 0.29660, -0.17754
0.48894, 0.29844, -0.17598
0.48721, 0.30027, -0.17441
0.48546, 0.30209, -0.17285
0.48367, 0.30390, -0.17129
0.48184, 0.30569, -0.16973
0.47999, 0.30747, -0.16817
0.47810, 0.30924, -0.16662
0.47618, 0.31099, -0.16507
0.47422, 0.31274, -0.16352
0.47224, 0.31446, -0.16197
0.47022, 0.31617, -0.16043
0.46817, 0.31787, -0.15889
0.46610, 0.31956, -0.15735
0.46399, 0.32122, -0.15582
0.46185, 0.32287, -0.15429
0.45968, 0.32451, -0.15277
0.45748, 0.32613, -0.15125
0.45525, 0.32773, -0.14974
0.45299, 0.32932, -0.14823
0.45070, 0.33089, -0.14672
0.44838, 0.33244, -0.14522
0.44603, 0.33397, -0.14372
0.44366, 0.33548, -0.14224
0.44126, 0.33698, -0.14075
0.43883, 0.33846, -0.13927
0.43637, 0.33992, -0.13780
0.43388, 0.34136, -0.13634
0.43137, 0.34278, -0.13488
0.42883, 0.34418, -0.13342
0.42626, 0.34556, -0.13198
0.42367, 0.34692, -0.13054
0.42105, 0.34826, -0.12911
0.41841, 0.34958, -0.12768
0.41574, 0.35088, -0.12626
0.41304, 0.35215, -0.12485
0.41032, 0.35341, -0.12345
0.40757, 0.35464, -0.12206
0.40480, 0.35585, -0.12067
0.40201, 0.35704, -0.11929
0.39919, 0.35821, -0.11792
0.39635, 0.35935, -0.11656
0.39349, 0.36047, -0.11520
0.39060, 0.36157, -0.11386
0.38769, 0.36264, -0.11252
0.38475, 0.36369, -0.11120
0.38180, 0.36472, -0.10988
0.37882, 0.36572, -0.10857
0.37582, 0.36669, -0.10728
0.37280, 0.36765, -0.10599
0.36976, 0.36857, -0.10471
0.36669, 0.36948, -0.10344
0.36361, 0.37035, -0.10218
0.36050, 0.37120, -0.10094
0.35738, 0.37203, -0.09970
0.35423, 0.37282, -0.09847
0.35107, 0.37360, -0.09726
0.34789, 0.37434, -0.09605
0.34468, 0.37506, -0.09486
0.34146, 0.37575, -0.09367
0.33822, 0.37642, -0.09250
0.33496, 0.37705, -0.09134
0.33169, 0.37766, -0.09020
0.32840, 0.37824, -0.08906
0.32509, 0.37879, -0.08794
0.32176, 0.37932, -0.08682
0.31841, 0.37981, -0.08572
0.31505, 0.38028, -0.08464
0.31168, 0.38072, -0.08356
0.30828, 0.38112, -0.08250
0.30488, 0.38150, -0.08145
0.30145, 0.38185, -0.08041
0.29802, 0.38217, -0.07939
0.29456, 0.38245, -0.07838
0.29110, 0.38271, -0.07739
0.28762, 0.38294, -0.07640
0.28412, 0.38313, -0.07543
0.28062, 0.38330, -0.07448
0.27710, 0.38343, -0.07354
0.27357, 0.38353, -0.07261
0.27002, 0.38360, -0.07170
0.26647, 0.38364, -0.07080
0.26290, 0.38364, -0.06992
0.25932, 0.38361, -0.06905
0.25573, 0.38355, -0.06820
0.25213, 0.38346, -0.06736
0.24852, 0.38333, -0.06653
0.24490, 0.38317, -0.06573
0.24127, 0.38297, -0.06493
0.23763, 0.38274, -0.06416
0.23398, 0.38248, -0.06339
0.23033, 0.38218, -0.06265
0.22666, 0.38185, -0.06192
0.22299, 0.38148, -0.06121
0.21932, 0.38108, -0.06051
0.21563, 0.38064, -0.05983
0.21194, 0.38016, -0.05917
0.20825, 0.37965, -0.05852
0.20454, 0.37911, -0.05789
0.20084, 0.37853, -0.05728
0.19713, 0.37791, -0.05668
0.19341, 0.37725, -0.05610
0.18969, 0.37656, -0.05554
0.18597, 0.37583, -0.05500
0.18225, 0.37506, -0.05447
0.17852, 0.37425, -0.05396
0.17479, 0.37341, -0.05347
0.17106, 0.37253, -0.05300
0.16733, 0.37160, -0.05255
0.16360, 0.37064, -0.05211
0.15987, 0.36965, -0.05170
0.15614, 0.36861, -0.05130
0.15242, 0.36753, -0.05092
0.14869, 0.36641, -0.05056
0.14497, 0.36526, -0.05022
0.14125, 0.36406, -0.04990
0.13753, 0.36282, -0.04960
0.13382, 0.36154, -0.04932
0.13011, 0.36022, -0.04905
0.12641, 0.35886, -0.04881
0.12271, 0.35746, -0.04859
0.11902, 0.35602, -0.04838
0.11534, 0.35453, -0.04820
0.11166, 0.35300, -0.04804
0.10800, 0.35143, -0.04789
0.10434, 0.34982, -0.04777
0.10069, 0.34817, -0.04767
0.09706, 0.34647, -0.04759
0.09343, 0.34473, -0.04753
0.08982, 0.34295, -0.04749
0.08622, 0.34112, -0.04747
0.08263, 0.33925, -0.04747
0.07906, 0.33734, -0.04750
0.07551, 0.33538, -0.04754
0.07197, 0.33337, -0.04761
0.06844, 0.33133, -0.04770
0.06494, 0.32924, -0.04780
0.06145, 0.32710, -0.04793
0.05799, 0.32492, -0.04809
0.05454, 0.32269, -0.04826
0.05111, 0.32042, -0.04846
0.04771, 0.31811, -0.04867
0.04433, 0.31575, -0.04891
0.04098, 0.31334, -0.04917
0.03765, 0.31089, -0.04945
0.03434, 0.30839, -0.04976
0.03107, 0.30585, -0.05008
0.02782, 0.30326, -0.05043
0.02460, 0.30063, -0.05080
0.02141, 0.29795, -0.05119
0.01825, 0.29523, -0.05160
0.01513, 0.29246, -0.05203
0.01204, 0.28964, -0.05249
0.00898, 0.28678, -0.05297
0.00596, 0.28387, -0.05347
0.00298, 0.28092, -0.05398
0.00004, 0.27793, -0.05453
-0.00287, 0.27489, -0.05509
-0.00573, 0.27180, -0.05567
-0.00855, 0.26867, -0.05627
-0.01132, 0.26550, -0.05690
-0.01405, 0.26228, -0.05754
-0.01674, 0.25901, -0.05820
-0.01937, 0.25571, -0.05889
-0.02196, 0.25236, -0.05959
-0.02450, 0.24897, -0.06031
-0.02698, 0.24554, -0.06106
-0.02941, 0.24206, -0.06182
-0.03179, 0.23855, -0.06259
-0.03411, 0.23499, -0.06339
-0.03637, 0.23139, -0.06421
-0.03858, 0.22776, -0.06504
-0.04072, 0.22408, -0.06589
-0.04280, 0.22037, -0.06675
-0.04482, 0.21662, -0.06763
-0.04677, 0.21284, -0.06853
-0.04866, 0.20902, -0.06944
-0.05047, 0.20516, -0.07036
-0.05222, 0.20127, -0.07130
-0.05390, 0.19735, -0.07225
-0.05550, 0.19340, -0.07321
-0.05704, 0.18942, -0.07418
-0.05849, 0.18541, -0.07517
-0.05987, 0.18137, -0.07616
-0.06117, 0.17730, -0.07717
-0.06240, 0.17321, -0.07818
-0.06354, 0.16910, -0.07920
-0.06460, 0.16496, -0.08022
-0.06558, 0.16081, -0.08125
-0.06647, 0.15663, -0.08229
-0.06728, 0.15244, -0.08333
-0.06801, 0.14824, -0.08437
-0.06864, 0.14402, -0.08541
-0.06919, 0.13979, -0.08646
-0.06965, 0.13555, -0.08750
-0.07002, 0.13130, -0.08854
-0.07029, 0.12704, -0.08958
-0.07048, 0.12278, -0.09062
-0.07058, 0.11853, -0.09164
-0.07058, 0.11427, -0.09267
-0.07049, 0.11001, -0.09368
-0.07031, 0.10576, -0.09469
-0.07003, 0.10152, -0.09568
-0.06967, 0.09729, -0.09667
-0.06920, 0.09306, -0.09764
-0.06865, 0.08886, -0.09859
-0.06800, 0.08467, -0.09953
-0.06726, 0.08050, -0.10046
-0.06643, 0.07635, -0.10136
-0.06551, 0.07222, -0.10225
-0.06449, 0.06812, -0.10312
-0.06339, 0.06405, -0.10396
-0.06219, 0.06001, -0.10478
-0.06091, 0.05600, -0.10558
-0.05954, 0.05203, -0.10635
-0.05809, 0.04809, -0.10709
-0.05655, 0.04419, -0.10781
-0.05493, 0.04034, -0.10850
-0.05322, 0.03653, -0.10915
-0.05144, 0.03277, -0.10978
-0.04958, 0.02905, -0.11037
-0.04764, 0.02538, -0.11094
-0.04562, 0.02177, -0.11146
-0.04354, 0.01821, -0.11195
-0.04138, 0.01470, -0.11241
-0.03916, 0.01125, -0.11283
-0.03686, 0.00786, -0.11321
-0.03451, 0.00453, -0.11356
-0.03209, 0.00126, -0.11386
-0.02961, -0.00194, -0.11413
-0.02708, -0.00509, -0.11436
-0.02449, -0.00817, -0.11454
-0.02185, -0.01118, -0.11469
-0.01916, -0.01413, -0.11480
-0.01642, -0.01701, -0.11486
-0.01364, -0.01982, -0.11488
-0.01081, -0.02256, -0.11486
-0.00795, -0.02523, -0.11480
-0.00505, -0.02783, -0.11470
-0.00211, -0.03037, -0.11455
0.00086, -0.03283, -0.11436
0.00386, -0.03522, -0.11413
0.00689, -0.03754, -0.11386
0.00994, -0.03979, -0.11354
0.01302, -0.04196, -0.11319
0.01611, -0.04407, -0.11279
0.01923, -0.04610, -0.11235
0.02236, -0.04807, -0.11187
0.02550, -0.04996, -0.11134
0.02866, -0.05179, -0.11078
0.03182, -0.05354, -0.11018
0.03500, -0.05523, -0.10953
0.03817, -0.05684, -0.10885
0.04136, -0.05839, -0.10813
0.04454, -0.05987, -0.10737
0.04772, -0.06129, -0.10657
0.05090, -0.06264, -0.10573
0.05408, -0.06392, -0.10486
0.05725, -0.06514, -0.10395
0.06041, -0.06629, -0.10300
0.06356, -0.06738, -0.10202
0.06671, -0.06841, -0.10100
0.06984, -0.06938, -0.09995
0.07296, -0.07028, -0.09886
0.07606, -0.07113, -0.09774
0.07915, -0.07192, -0.09659
0.08222, -0.07265, -0.09541
0.08527, -0.07332, -0.09419
0.08830, -0.07394, -0.09295
0.09131, -0.07450, -0.09167
0.09430, -0.07501, -0.09036
0.09727, -0.07546, -0.08903
0.10021, -0.07587, -0.08767
0.10312, -0.07622, -0.08628
0.10602, -0.07652, -0.08486
0.10888, -0.07677, -0.08342
0.11172, -0.07698, -0.08195
0.11453, -0.07714, -0.08045
0.11731, -0.07725, -0.07893
0.12006, -0.07732, -0.07739
0.12278, -0.07734, -0.07582
0.12546, -0.07732, -0.07423
0.12812, -0.07726, -0.07262
0.13075, -0.07716, -0.07099
0.13334, -0.07702, -0.06933
0.13590, -0.07684, -0.06766
0.13843, -0.07662, -0.06597
0.14092, -0.07636, -0.06425
0.14338, -0.07607, -0.06252
0.14580, -0.07574, -0.06077
0.14819, -0.07538, -0.05900
0.15054, -0.07498, -0.05722
0.15286, -0.07455, -0.05542
0.15514, -0.07409, -0.05360
0.15739, -0.07360, -0.05177
0.15960, -0.07308, -0.04992
0.16177, -0.07252, -0.04806
0.16391, -0.07194, -0.04618
0.16600, -0.07134, -0.04429
0.16807, -0.07070, -0.04239
0.17009, -0.07004, -0.04047
0.17208, -0.06936, -0.03855
0.17403, -0.06865, -0.03661
0.17594, -0.06792, -0.03466
0.17782, -0.06716, -0.03270
0.17966, -0.06638, -0.03073
0.18146, -0.06558, -0.02875
0.18322, -0.06477, -0.02676
0.18495, -0.06393, -0.02476
0.18663, -0.06307, -0.02276
0.18828, -0.06219, -0.02074
0.18990, -0.06130, -0.01872
0.19147, -0.06038, -0.01669
0.19301, -0.05946, -0.01465
0.19451, -0.05851, -0.01261
0.19597, -0.05755, -0.01056
0.19740, -0.05658, -0.00851
0.19878, -0.05559, -0.00645
0.20014, -0.05459, -0.00438
0.20145, -0.05358, -0.00231
0.20273, -0.05255, -0.00024
0.20397, -0.05151, 0.00184
0.20517, -0.05047, 0.00392
0.20634, -0.04941, 0.00601
0.20747, -0.04834, 0.00809
0.20856, -0.04726, 0.01019
0.20962, -0.04618, 0.01228
0.21064, -0.04508, 0.01437
0.21163, -0.04398, 0.01647
0.21258, -0.04287, 0.01857
0.21349, -0.04176, 0.02067
0.21437, -0.04063, 0.02277
0.21521, -0.03951, 0.02487
0.21602, -0.03838, 0.02697
0.21679, -0.03724, 0.02907
0.21753, -0.03610, 0.03117
0.21824, -0.03495, 0.03327
0.21891, -0.03381, 0.03537
0.21954, -0.03265, 0.03747
0.22014, -0.03150, 0.03956
0.22071, -0.03035, 0.04166
0.22124, -0.02919, 0.04375
0.22174, -0.02803, 0.04584
0.22221, -0.02687, 0.04793
0.22264, -0.02572, 0.05002
0.22304, -0.02456, 0.05210
0.22341, -0.02340, 0.05418
0.22375, -0.02224, 0.05626
0.22405, -0.02109, 0.05834
0.22432, -0.01993, 0.06041
0.22456, -0.01878, 0.06247
0.22476, -0.01763, 0.06453
0.22494, -0.01649, 0.06659
0.22508, -0.01535, 0.06864
0.22519, -0.01421, 0.07069
0.22528, -0.01307, 0.07274
0.22533, -0.01194, 0.07477
0.22535, -0.01081, 0.07681
0.22534, -0.00969, 0.07883
0.22530, -0.00858, 0.08085
0.22523, -0.00747, 0.08287
0.22513, -0.00636, 0.08488
0.22500, -0.00526, 0.08688
0.22484, -0.00417, 0.08888
0.22465, -0.00309, 0.09087
0.22443, -0.00201, 0.09285
0.22419, -0.00094, 0.09483
0.22391, 0.00012, 0.09679
0.22361, 0.00117, 0.09875
0.22328, 0.00222, 0.10071
0.22292, 0.00325, 0.10265
0.22254, 0.00428, 0.10459
0.22212, 0.00530, 0.10652
0.22168, 0.00631, 0.10844
0.22122, 0.00730, 0.11035
0.22072, 0.00829, 0.11226
0.22020, 0.00927, 0.11415
0.21966, 0.01023, 0.11604
0.21908, 0.01119, 0.11792
0.21848, 0.01213, 0.11978
0.21786, 0.01307, 0.12164
0.21721, 0.01399, 0.12349
0.21653, 0.01489, 0.12533
0.21583, 0.01579, 0.12716
0.21511, 0.01667, 0.12898
0.21436, 0.01754, 0.13079
0.21359, 0.01840, 0.13259
0.21279, 0.01924, 0.13438
0.21197, 0.02007, 0.13615
0.21112, 0.02089, 0.13792
0.21025, 0.02169, 0.13968
0.20936, 0.02248, 0.14142
0.20844, 0.02325, 0.14316
0.20750, 0.02401, 0.14488
0.20654, 0.02475, 0.14659
0.20556, 0.02548, 0.14829
0.20455, 0.02619, 0.14998
0.20353, 0.02688, 0.15165
0.20248, 0.02756, 0.15332
0.20141, 0.02822, 0.15497
0.20031, 0.02887, 0.15661
0.19920, 0.02950, 0.15824
0.19807, 0.03011, 0.15985
0.19691, 0.03070, 0.16145
0.19574, 0.03128, 0.16304
0.19454, 0.03184, 0.16462
0.19332, 0.03238, 0.16618
0.19209, 0.03290, 0.16773
0.19084, 0.03341, 0.16927
0.18956, 0.03389, 0.17079
0.18827, 0.03436, 0.17230
0.18696, 0.03480, 0.17380
0.18563, 0.03523, 0.17528
0.18428, 0.03564, 0.17675
0.18291, 0.03603, 0.17820
0.18153, 0.03639, 0.17964
0.18013, 0.03674, 0.18107
0.17871, 0.03707, 0.18248
0.17727, 0.03737, 0.18388
0.17582, 0.03766, 0.18526
0.17435, 0.03792, 0.18663
0.17286, 0.03816, 0.18798
0.17136, 0.03838, 0.18931
0.16984, 0.03858, 0.19064
0.16831, 0.03876, 0.19194
0.16676, 0.03891, 0.19323
0.16519, 0.03904, 0.19451
0.16361, 0.03915, 0.19577
0.16202, 0.03923, 0.19701
0.16041, 0.03929, 0.19824
0.15879, 0.03933, 0.19945
0.15715, 0.03935, 0.20065
0.15550, 0.03933, 0.20183
0.15384, 0.03930, 0.20299
0.15216, 0.03924, 0.20414
0.15047, 0.03916, 0.20527
0.14877, 0.03905, 0.20638
0.14706, 0.03892, 0.20747
0.14533, 0.03876, 0.20855
0.14360, 0.03857, 0.20962
0.14185, 0.03836, 0.21066
0.14009, 0.03812, 0.21169
0.13832, 0.03786, 0.21270
0.13654, 0.03757, 0.21369
0.13475, 0.03725, 0.21466
0.13295, 0.03691, 0.21562
0.13114, 0.03654, 0.21656
0.12932, 0.03614, 0.21748
0.12749, 0.03572, 0.21838
0.12566, 0.03526, 0.21926
0.12381, 0.03478, 0.22012
0.12196, 0.03427, 0.22097
0.12010, 0.03373, 0.22180
0.11823, 0.03316, 0.22261
0.11636, 0.03256, 0.22340
0.11448, 0.03193, 0.22417
0.11259, 0.03128, 0.22492
0.11070, 0.03059, 0.22565
0.10881, 0.02987, 0.22636
0.10690, 0.02913, 0.22705
0.10500, 0.02835, 0.22773
0.10309, 0.02754, 0.22838
0.10117, 0.02670, 0.22901
0.09925, 0.02583, 0.22962
0.09733, 0.02492, 0.23022
0.09541, 0.02399, 0.23079
0.09348, 0.02302, 0.23134
0.09155, 0.02202, 0.23187
0.08963, 0.02099, 0.23238
0.08770, 0.01993, 0.23287
0.08577, 0.01883, 0.23334
0.08384, 0.01770, 0.23379
0.08191, 0.01653, 0.23422
0.07998, 0.01533, 0.23462
0.07805, 0.01410, 0.23500
0.07613, 0.01283, 0.23537
0.07420, 0.01153, 0.23571
0.07228, 0.01019, 0.23603
0.07037, 0.00882, 0.23632
0.06846, 0.00741, 0.23660
0.06655, 0.00597, 0.23685
0.06465, 0.00449, 0.23708
0.06275, 0.00298, 0.23729
0.06086, 0.00142, 0.23748
0.05898, -0.00016, 0.23764
0.05711, -0.00179, 0.23778
0.05524, -0.00345, 0.23790
0.05338, -0.00515, 0.23799
0.05153, -0.00688, 0.23807
0.04969, -0.00866, 0.23812
0.04787, -0.01047, 0.23814
0.04605, -0.01232, 0.23815
0.04425, -0.01421, 0.23813
0.04246, -0.01614, 0.23808
0.04068, -0.01810, 0.23801
0.03892, -0.02011, 0.23792
0.03717, -0.02215, 0.23781
0.03544, -0.02424, 0.23767
0.03372, -0.02636, 0.23751
0.03202, -0.02852, 0.23733
0.03034, -0.03072, 0.23712
0.02868, -0.03297, 0.23688
0.02704, -0.03525, 0.23663
0.02543, -0.03758, 0.23634
0.02383, -0.03994, 0.23604
0.02225, -0.04235, 0.23571
0.02070, -0.04479, 0.23536
0.01918, -0.04728, 0.23498
0.01768, -0.04981, 0.23458
0.01620, -0.05238, 0.23415
0.01476, -0.05499, 0.23370
0.01334, -0.05764, 0.23323
0.01196, -0.06033, 0.23273
0.01060, -0.06307, 0.23221
0.00928, -0.06585, 0.23167
0.00799, -0.06866, 0.23110
0.00673, -0.07152, 0.23050
0.00551, -0.07442, 0.22989
0.00432, -0.07737, 0.22925
0.00318, -0.08035, 0.22858
0.00207, -0.08337, 0.22789
0.00101, -0.08644, 0.22718
-0.00002, -0.08955, 0.22645
-0.00100, -0.09269, 0.22569
-0.00193, -0.09588, 0.22491
-0.00283, -0.09911, 0.22411
-0.00367, -0.10238, 0.22329
-0.00446, -0.10568, 0.22244
-0.00521, -0.10903, 0.22157
-0.00590, -0.11242, 0.22068
-0.00654, -0.11584, 0.21977
-0.00713, -0.11930, 0.21884
-0.00766, -0.12280, 0.21788
-0.00813, -0.12634, 0.21691
-0.00854, -0.12992, 0.21592
-0.00889, -0.13352, 0.21491
-0.00918, -0.13717, 0.21388
-0.00941, -0.14085, 0.21283
-0.00957, -0.14456, 0.21176
-0.00967, -0.14831, 0.21068
-0.00969, -0.15208, 0.20958
-0.00965, -0.15589, 0.20846
-0.00953, -0.15973, 0.20733
-0.00934, -0.16359, 0.20618
-0.00908, -0.16749, 0.20502
-0.00874, -0.17141, 0.20385
-0.00832, -0.17535, 0.20266
-0.00782, -0.17932, 0.20146
-0.00725, -0.18331, 0.20026
-0.00659, -0.18733, 0.19904
-0.00584, -0.19136, 0.19781
-0.00501, -0.19540, 0.19658
-0.00410, -0.19947, 0.19533
-0.00309, -0.20355, 0.19409
-0.00200, -0.20764, 0.19283
-0.00082, -0.21174, 0.19158
0.00046, -0.21585, 0.19032
0.00182, -0.21996, 0.18906
0.00329, -0.22408, 0.18780
0.00484, -0.22820, 0.18654
0.00649, -0.23232, 0.18529
0.00824, -0.23644, 0.18404
0.01008, -0.24055, 0.18279
0.01202, -0.24465, 0.18155
0.01405, -0.24874, 0.18032
0.01619, -0.25282, 0.17910
0.01842, -0.25689, 0.17789
0.02075, -0.26093, 0.17669
0.02318, -0.26496, 0.17550
0.02570, -0.26896, 0.17433
0.02832, -0.27293, 0.17318
0.03104, -0.27688, 0.17204
0.03386, -0.28079, 0.17093
0.03677, -0.28467, 0.16983
0.03977, -0.28852, 0.16876
0.04287, -0.29232, 0.16771
0.04606, -0.29608, 0.16669
0.04934, -0.29980, 0.16570
0.05271, -0.30346, 0.16473
0.05617, -0.30708, 0.16379
0.05971, -0.31064, 0.16288
0.06334, -0.31415, 0.16201
0.06705, -0.31760, 0.16116
0.07084, -0.32099, 0.16035
0.07470, -0.32432, 0.15958
0.07865, -0.32759, 0.15884
0.08266, -0.33079, 0.15814
0.08675, -0.33392, 0.15747
0.09090, -0.33698, 0.15685
0.09512, -0.33997, 0.15626
0.09940, -0.34288, 0.15572
0.10374, -0.34573, 0.15521
0.10813, -0.34849, 0.15475
0.11258, -0.35118, 0.15432
0.11708, -0.35379, 0.15394
0.12163, -0.35632, 0.15360
0.12622, -0.35878, 0.15331
0.13085, -0.36115, 0.15305
0.13553, -0.36344, 0.15284
0.14023, -0.36565, 0.15268
0.14498, -0.36777, 0.15255
0.14975, -0.36982, 0.15247
0.15454, -0.37178, 0.15243
0.15936, -0.37366, 0.15244
0.16421, -0.37545, 0.15248
0.16907, -0.37717, 0.15257
0.17394, -0.37880, 0.15270
0.17883, -0.38035, 0.15288
0.18373, -0.38182, 0.15309
0.18864, -0.38320, 0.15334
0.19355, -0.38451, 0.15364
0.19846, -0.38574, 0.15397
0.20338, -0.38689, 0.15434
0.20829, -0.38796, 0.15475
0.21320, -0.38895, 0.15520
0.21810, -0.38987, 0.15569
0.22300, -0.39071, 0.15621
0.22788, -0.39148, 0.15677
0.23275, -0.39217, 0.15736
0.23761, -0.39279, 0.15799
0.24245, -0.39334, 0.15865
0.24727, -0.39382, 0.15935
0.25208, -0.39423, 0.16007
0.25686, -0.39458, 0.16083
0.26162, -0.39485, 0.16162
0.26636, -0.39506, 0.16244
0.27107, -0.39521, 0.16329
0.27576, -0.39529, 0.16417
0.28042, -0.39531, 0.16507
0.28505, -0.39527, 0.16600
0.28965, -0.39517, 0.16696
0.29421, -0.39501, 0.16794
0.29875, -0.39480, 0.16895
0.30326, -0.39453, 0.16998
0.30773, -0.39420, 0.17104
0.31217, -0.39382, 0.17212
0.31657, -0.39339, 0.17322
0.32094, -0.39291, 0.17434
0.32526, -0.39237, 0.17548
0.32956, -0.39179, 0.17664
0.33381, -0.39116, 0.17782
0.33803, -0.39049, 0.17901
0.34221, -0.38976, 0.18023
0.34635, -0.38900, 0.18146
0.35045, -0.38819, 0.18271
0.35451, -0.38734, 0.18397
0.35853, -0.38645, 0.18525
0.36251, -0.38552, 0.18655
0.36644, -0.38455, 0.18785
0.37034, -0.38354, 0.18917
0.37420, -0.38250, 0.19051
0.37801, -0.38142, 0.19185
0.38178, -0.38030, 0.19321
0.38551, -0.37915, 0.19457
0.38920, -0.37797, 0.19595
0.39285, -0.37676, 0.19734
0.39645, -0.37552, 0.19873
0.40001, -0.37424, 0.20014
0.40353, -0.37294, 0.20155
0.40701, -0.37161, 0.20297
0.41045, -0.37025, 0.20440
0.41384, -0.36886, 0.20583
0.41719, -0.36745, 0.20728
0.42049, -0.36601, 0.20872
0.42376, -0.36455, 0.21017
0.42698, -0.36306, 0.21163
0.43016, -0.36156, 0.21309
0.43330, -0.36003, 0.21456
0.43639, -0.35848, 0.21603
0.43945, -0.35691, 0.21750
0.44246, -0.35532, 0.21897
0.44543, -0.35371, 0.22045
0.44836, -0.35208, 0.22193
0.45124, -0.35043, 0.22341
0.45409, -0.34877, 0.22489
0.45689, -0.34709, 0.22637
0.45965, -0.34540, 0.22786
0.46238, -0.34369, 0.22934
0.46506, -0.34196, 0.23082
0.46770, -0.34022, 0.23231
0.47030, -0.33847, 0.23379
0.47285, -0.33670, 0.23527
0.47537, -0.33493, 0.23675
0.47785, -0.33314, 0.23823
0.48029, -0.33134, 0.23970
0.48269, -0.32953, 0.24118
0.48505, -0.32771, 0.24265
0.48737, -0.32588, 0.24411
0.48965, -0.32404, 0.24558
0.49189, -0.32219, 0.24704
0.49409, -0.32033, 0.24849
0.49626, -0.31847, 0.24995
0.49839, -0.31660, 0.25140
0.50047, -0.31472, 0.25284
0.50252, -0.31284, 0.25428
0.50454, -0.31095, 0.25571
0.50651, -0.30906, 0.25714
0.50845, -0.30716, 0.25856
0.51035, -0.30525, 0.25998
0.51221, -0.30335, 0.26139
0.51404, -0.30144, 0.26279
0.51583, -0.29952, 0.26419
0.51759, -0.29760, 0.26558
0.51931, -0.29568, 0.26697
0.52099, -0.29376, 0.26834
0.52264, -0.29184, 0.26971
0.52425, -0.28991, 0.27108
0.52583, -0.28799, 0.27243
0.52737, -0.28606, 0.27378
0.52888, -0.28414, 0.27511
0.53035, -0.28221, 0.27644
0.53179, -0.28029, 0.27776
0.53319, -0.27836, 0.27908
0.53456, -0.27644, 0.28038
0.53590, -0.27452, 0.28167
0.53720, -0.27260, 0.28296
0.53847, -0.27068, 0.28423
0.53971, -0.26876, 0.28550
0.54091, -0.26685, 0.28675
0.54209, -0.26494, 0.28800
0.54323, -0.26304, 0.28923
0.54433, -0.26114, 0.29046
0.54541, -0.25924, 0.29167
0.54645, -0.25735, 0.29288
0.54747, -0.25546, 0.29407
0.54845, -0.25357, 0.29525
0.54940, -0.25170, 0.29642
0.55032, -0.24982, 0.29758
0.55121, -0.24796, 0.29873
0.55206, -0.24610, 0.29986
0.55289, -0.24424, 0.30099
0.55369, -0.24239, 0.30210
0.55446, -0.24055, 0.30320
0.55520, -0.23872, 0.30428
0.55591, -0.23689, 0.30536
0.55659, -0.23508, 0.30642
0.55724, -0.23327, 0.30747
0.55786, -0.23146, 0.30851
0.55846, -0.22967, 0.30953
0.55902, -0.22789, 0.31054
0.55956, -0.22611, 0.31154
0.56007, -0.22435, 0.31252
0.56056, -0.22259, 0.31349
0.56101, -0.22084, 0.31445
0.56144, -0.21911, 0.31539
0.56184, -0.21738, 0.31632
0.56221, -0.21566, 0.31723
0.56256, -0.21396, 0.31813
0.56288, -0.21227, 0.31902
0.56318, -0.21058, 0.31989
0.56345, -0.20891, 0.32075
0.56369, -0.20725, 0.32159
0.56391, -0.20561, 0.32242
0.56410, -0.20397, 0.32323
0.56427, -0.20235, 0.32402
0.56441, -0.20074, 0.32481
0.56453, -0.19914, 0.32557
0.56462, -0.19756, 0.32632
0.56469, -0.19599, 0.32706
0.56474, -0.19443, 0.32778
0.56476, -0.19289, 0.32848
0.56476, -0.19136, 0.32917
0.56473, -0.18985, 0.32984
0.56469, -0.18835, 0.33049
0.56461, -0.18686, 0.33113
0.56452, -0.18539, 0.33175
0.56440, -0.18394, 0.33236
0.56427, -0.18250, 0.33295
0.56410, -0.18108, 0.33352
0.56392, -0.17967, 0.33407
0.56372, -0.17828, 0.33461
0.56349, -0.17690, 0.33513
0.56325, -0.17555, 0.33563
0.56298, -0.17421, 0.33612
0.56269, -0.17288, 0.33659
0.56238, -0.17157, 0.33704
0.56205, -0.17028, 0.33747
0.56170, -0.16901, 0.33789
0.56134, -0.16776, 0.33828
0.56095, -0.16652, 0.33866
0.56054, -0.16531, 0.33902
0.56012, -0.16411, 0.33936
0.55967, -0.16293, 0.33969
0.55921, -0.16177, 0.33999
0.55873, -0.16063, 0.34028
0.55823, -0.15951, 0.34054
0.55771, -0.15841, 0.34079
0.55717, -0.15732, 0.34102
0.55662, -0.15626, 0.34123
0.55605, -0.15522, 0.34142
0.55547, -0.15420, 0.34159
0.55486, -0.15320, 0.34174
0.55425, -0.15222, 0.34187
0.55361, -0.15127, 0.34199
0.55296, -0.15033, 0.34208
0.55230, -0.14942, 0.34215
0.55162, -0.14853, 0.34220
0.55092, -0.14766, 0.34223
0.55021, -0.14681, 0.34225
0.54949, -0.14599, 0.34224
0.54875, -0.14519, 0.34221
0.54800, -0.14441, 0.34216
0.54724, -0.14366, 0.34209
0.54646, -0.14293, 0.34199
0.54567, -0.14222, 0.34188
0.54487, -0.14154, 0.34175
0.54405, -0.14088, 0.34159
0.54323, -0.14025, 0.34141
0.54239, -0.13964, 0.34122
0.54154, -0.13906, 0.34100
0.54068, -0.13850, 0.34076
0.53981, -0.13797, 0.34049
0.53893, -0.13747, 0.34021
0.53804, -0.13699, 0.33990
0.53714, -0.13653, 0.33957
0.53624, -0.13611, 0.33922
0.53532, -0.13571, 0.33884
0.53440, -0.13533, 0.33845
0.53346, -0.13499, 0.33803
0.53252, -0.13467, 0.33759
0.53158, -0.13438, 0.33712
0.53063, -0.13412, 0.33663
0.52967, -0.13388, 0.33612
0.52870, -0.13368, 0.33559
0.52773, -0.13350, 0.33503
0.52676, -0.13335, 0.33445
0.52578, -0.13324, 0.33385
0.52479, -0.13315, 0.33322
0.52381, -0.13309, 0.33257
0.52282, -0.13306, 0.33189
0.52183, -0.13306, 0.33120
0.52083, -0.13309, 0.33047
0.51984, -0.13315, 0.32973
0.51884, -0.13325, 0.32896
0.51784, -0.13337, 0.32816
0.51684, -0.13353, 0.32734
0.51585, -0.13372, 0.32650
0.51485, -0.13393, 0.32563
0.51386, -0.13419, 0.32474
0.51286, -0.13447, 0.32382
0.51188, -0.13479, 0.32288
0.51089, -0.13513, 0.32191
0.50991, -0.13552, 0.32092
0.50893, -0.13593, 0.31990
0.50796, -0.13638, 0.31886
0.50699, -0.13686, 0.31780
0.50603, -0.13738, 0.31670
0.50508, -0.13793, 0.31559
0.50413, -0.13851, 0.31444
0.50320, -0.13913, 0.31328
0.50227, -0.13979, 0.31208
0.50136, -0.14047, 0.31086
0.50045, -0.14120, 0.30962
0.49955, -0.14196, 0.30835
0.49867, -0.14275, 0.30706
0.49780, -0.14358, 0.30574
0.49695, -0.14444, 0.30439
0.49611, -0.14534, 0.30302
0.49528, -0.14628, 0.30162
0.49447, -0.14725, 0.30020
0.49368, -0.14826, 0.29875
0.49291, -0.14931, 0.29727
0.49215, -0.15039, 0.29577
0.49142, -0.15150, 0.29425
0.49070, -0.15266, 0.29270
0.49001, -0.15385, 0.29112
0.48934, -0.15508, 0.28952
0.48870, -0.15634, 0.28789
0.48808, -0.15764, 0.28624
0.48748, -0.15898, 0.28457
0.48691, -0.16035, 0.28286
0.48637, -0.16176, 0.28114
0.48586, -0.16321, 0.27938
0.48538, -0.16469, 0.27761
0.48493, -0.16621, 0.27581
0.48452, -0.16777, 0.27398
0.48413, -0.16936, 0.27213
0.48378, -0.17099, 0.27026
0.48347, -0.17265, 0.26836
0.48319, -0.17435, 0.26644
0.48296, -0.17609, 0.26449
0.48276, -0.17786, 0.26252
0.48260, -0.17966, 0.26053
0.48249, -0.18150, 0.25852
0.48241, -0.18337, 0.25648
0.48239, -0.18528, 0.25443
0.48241, -0.18722, 0.25235
0.48247, -0.18919, 0.25025
0.48259, -0.19120, 0.24813
0.48276, -0.19323, 0.24599
0.48297, -0.19530, 0.24382
0.48324, -0.19740, 0.24164
0.48357, -0.19953, 0.23944
0.48395, -0.20168, 0.23723
0.48438, -0.20387, 0.23499
0.48488, -0.20608, 0.23274
0.48543, -0.20832, 0.23047
0.48605, -0.21058, 0.22818
0.48673, -0.21287, 0.22588
0.48747, -0.21518, 0.22356
0.48828, -0.21751, 0.22123
0.48915, -0.21987, 0.21888
0.49009, -0.22225, 0.21653
0.49110, -0.22464, 0.21416
0.49218, -0.22705, 0.21178
0.49333, -0.22948, 0.20939
0.49456, -0.23192, 0.20699
0.49586, -0.23438, 0.20458
0.49723, -0.23685, 0.20217
0.49868, -0.23932, 0.19975
0.50021, -0.24181, 0.19732
0.50182, -0.24430, 0.19489
0.50350, -0.24680, 0.19245
0.50527, -0.24930, 0.19002
0.50712, -0.25180, 0.18758
0.50904, -0.25430, 0.18514
0.51105, -0.25679, 0.18270
0.51315, -0.25928, 0.18027
0.51532, -0.26177, 0.17784
0.51758, -0.26424, 0.17541
0.51993, -0.26671, 0.17299
0.52236, -0.26915, 0.17057
0.52487, -0.27159, 0.16817
0.52747, -0.27400, 0.16577
0.53015, -0.27639, 0.16339
0.53292, -0.27876, 0.16102
0.53577, -0.28111, 0.15866
0.53871, -0.28342, 0.15631
0.54173, -0.28571, 0.15398
0.54483, -0.28796, 0.15167
0.54801, -0.29018, 0.14938
0.55128, -0.29235, 0.14711
0.55462, -0.29449, 0.14486
0.55805, -0.29659, 0.14263
0.56155, -0.29864, 0.14042
0.56513, -0.30064, 0.13824
0.56878, -0.30259, 0.13608
0.57251, -0.30450, 0.13395
0.57631, -0.30634, 0.13185
0.58018, -0.30813, 0.12977
0.58411, -0.30987, 0.12773
0.58812, -0.31154, 0.12572
0.59219, -0.31315, 0.12373
0.59632, -0.31470, 0.12178
0.60051, -0.31618, 0.11987
0.60476, -0.31759, 0.11798
0.60907, -0.31893, 0.11613
0.61343, -0.32020, 0.11432
0.61784, -0.32140, 0.11254
0.62230, -0.32253, 0.11080
0.62680, -0.32358, 0.10910
0.63135, -0.32455, 0.10743
0.63594, -0.32545, 0.10580
0.64056, -0.32627, 0.10420
0.64522, -0.32701, 0.10265
0.64991, -0.32767, 0.10113
0.65464, -0.32825, 0.09965
0.65939, -0.32875, 0.09821
0.66416, -0.32916, 0.09681
0.66896, -0.32950, 0.09545
0.67377, -0.32975, 0.09412
0.67860, -0.32992, 0.09283
0.68344, -0.33001, 0.09158
0.68830, -0.33002, 0.09037
0.69316, -0.32994, 0.08920
0.69803, -0.32978, 0.08806
0.70290, -0.32954, 0.08696
0.70778, -0.32922, 0.08590
0.71265, -0.32882, 0.08488
0.71752, -0.32833, 0.08388
0.72238, -0.32777, 0.08293
0.72724, -0.32713, 0.08201
0.73208, -0.32640, 0.08112
0.73691, -0.32560, 0.08027
0.74173, -0.32472, 0.07945
0.74653, -0.32377, 0.07867
0.75131, -0.32274, 0.07791
0.75607, -0.32163, 0.07719
0.76080, -0.32045, 0.07650
0.76552, -0.31920, 0.07584
0.77021, -0.31787, 0.07521
0.77487, -0.31647, 0.07461
0.77950, -0.31501, 0.07403
0.78410, -0.31347, 0.07349
0.78867, -0.31187, 0.07297
0.79321, -0.31020, 0.07248
0.79771, -0.30846, 0.07201
0.80217, -0.30666, 0.07157
0.80660, -0.30480, 0.07115
0.81099, -0.30287, 0.07076
0.81534, -0.30088, 0.07038
0.81965, -0.29884, 0.07004
0.82392, -0.29673, 0.06971
0.82814, -0.29457, 0.06940
0.83233, -0.29235, 0.06912
0.83647, -0.29007, 0.06885
0.84056, -0.28774, 0.06860
0.84461, -0.28536, 0.06838
0.84861, -0.28293, 0.06816
0.85256, -0.28045, 0.06797
0.85647, -0.27791, 0.06779
0.86033, -0.27533, 0.06763
0.86414, -0.27271, 0.06748
0.86790, -0.27003, 0.06735
0.87161, -0.26731, 0.06723
0.87527, -0.26455, 0.06713
0.87888, -0.26175, 0.06704
0.88244, -0.25890, 0.06696
0.88595, -0.25602, 0.06689
0.88940, -0.25309, 0.06683
0.89281, -0.25013, 0.06678
0.89616, -0.24713, 0.06675
0.89946, -0.24409, 0.06672
0.90271, -0.24102, 0.06670
0.90590, -0.23792, 0.06669
0.90904, -0.23478, 0.06669
0.91213, -0.23161, 0.06669
0.91516, -0.22841, 0.06671
0.91814, -0.22518, 0.06672
0.92107, -0.22191, 0.06675
0.92395, -0.21863, 0.06678
0.92677, -0.21531, 0.06682
0.92954, -0.21197, 0.06686
0.93225, -0.20860, 0.06690
0.93491, -0.20520, 0.06695
0.93752, -0.20179, 0.06700
0.94008, -0.19835, 0.06706
0.94258, -0.19488, 0.06711
0.94502, -0.19140, 0.06717
0.94742, -0.18790, 0.06723
0.94976, -0.18437, 0.06730
0.95205, -0.18083, 0.06736
0.95429, -0.17727, 0.06743
0.95647, -0.17369, 0.06749
0.95860, -0.17009, 0.06756
0.96068, -0.16648, 0.06763
0.96271, -0.16285, 0.06769
0.96468, -0.15921, 0.06776
0.96660, -0.15555, 0.06782
0.96848, -0.15188, 0.06788
0.97030, -0.14820, 0.06794
0.97206, -0.14451, 0.06800
0.97378, -0.14080, 0.06806
0.97545, -0.13708, 0.06811
0.97706, -0.13336, 0.06816
0.97863, -0.12962, 0.06821
0.98015, -0.12588, 0.06825
0.98161, -0.12212, 0.06829
0.98303, -0.11836, 0.06833
0.98439, -0.11459, 0.06837
0.98571, -0.11081, 0.06839
0.98698, -0.10703, 0.06842
0.98820, -0.10324, 0.06844
0.98937, -0.09945, 0.06846
0.99049, -0.09565, 0.06847
0.99157, -0.09185, 0.06847
0.99259, -0.08804, 0.06847
0.99357, -0.08424, 0.06847
0.99451, -0.08042, 0.06845
0.99539, -0.07661, 0.06844
0.99623, -0.07279, 0.06841
0.99702, -0.06898, 0.06838
0.99777, -0.06516, 0.06835
0.99847, -0.06134, 0.06831
0.99912, -0.05752, 0.06826
0.99973, -0.05370, 0.06820
1.00030, -0.04988, 0.06814
1.00082, -0.04606, 0.06807
1.00129, -0.04225, 0.06799
1.00172, -0.03843, 0.06791
1.00211, -0.03462, 0.06782
1.00245, -0.03081, 0.06772
1.00275, -0.02700, 0.06761
1.00301, -0.02320, 0.06749
1.00322, -0.01940, 0.06737
1.00339, -0.01560, 0.06724
1.00352, -0.01181, 0.06710
1.00361, -0.00802, 0.06696
1.00365, -0.00424, 0.06680
1.00365, -0.00046, 0.06664
1.00362, 0.00331, 0.06646
1.00354, 0.00708, 0.06628
1.00341, 0.01084, 0.06609
1.00325, 0.01459, 0.06590
1.00305, 0.01834, 0.06569
1.00281, 0.02208, 0.06548
1.00253, 0.02581, 0.06525
1.00221, 0.02954, 0.06502
1.00184, 0.03326, 0.06478
1.00144, 0.03697, 0.06453
1.00101, 0.04067, 0.06427
1.00053, 0.04436, 0.06400
1.00001, 0.04804, 0.06372
0.99946, 0.05172, 0.06343
0.99886, 0.05539, 0.06314
0.99823, 0.05904, 0.06283
0.99756, 0.06269, 0.06251
0.99686, 0.06632, 0.06219
0.99612, 0.06995, 0.06186
0.99534, 0.07357, 0.06151
0.99452, 0.07717, 0.06116
0.99367, 0.08076, 0.06080
0.99278, 0.08435, 0.06043
0.99185, 0.08792, 0.06004
0.99089, 0.09148, 0.05965
0.98990, 0.09502, 0.05925
0.98886, 0.09856, 0.05884
0.98780, 0.10208, 0.05842
0.98670, 0.10559, 0.05799
0.98556, 0.10909, 0.05756
0.98439, 0.11257, 0.05711
0.98318, 0.11604, 0.05665
0.98194, 0.11950, 0.05618
0.98066, 0.12295, 0.05570
0.97936, 0.12638, 0.05521
0.97801, 0.12979, 0.05472
0.97664, 0.13319, 0.05421
0.97523, 0.13658, 0.05369
0.97378, 0.13995, 0.05317
0.97231, 0.14331, 0.05263
0.97080, 0.14665, 0.05208
0.96926, 0.14998, 0.05153
0.96769, 0.15329, 0.05096
0.96608, 0.15659, 0.05038
0.96444, 0.15987, 0.04980
0.96277, 0.16313, 0.04920
0.96107, 0.16638, 0.04860
0.95934, 0.16961, 0.04798
0.95757, 0.17283, 0.04735
0.95578, 0.17602, 0.04672
0.95395, 0.17920, 0.04607
0.95209, 0.18236, 0.04542
0.95020, 0.18551, 0.04475
0.94828, 0.18864, 0.04408
0.94633, 0.19175, 0.04339
0.94435, 0.19484, 0.04270
0.94234, 0.19791, 0.04199
0.94030, 0.20096, 0.04128
0.93823, 0.20400, 0.04055
0.93613, 0.20701, 0.03982
0.93400, 0.21001, 0.03907
0.93184, 0.21299, 0.03832
0.92965, 0.21594, 0.03756
0.92744, 0.21888, 0.03678
0.92519, 0.22180, 0.03600
0.92291, 0.22469, 0.03520
0.92061, 0.22757, 0.03440
0.91828, 0.23042, 0.03358
0.91592, 0.23326, 0.03276
0.91353, 0.23607, 0.03192
0.91111, 0.23886, 0.03108
0.90867, 0.24163, 0.03022
0.90620, 0.24438, 0.02935
0.90370, 0.24710, 0.02848
0.90117, 0.24980, 0.02759
0.89862, 0.25248, 0.02670
0.89604, 0.25514, 0.02579
0.89343, 0.25777, 0.02487
0.89080, 0.26038, 0.02395
0.88814, 0.26297, 0.02301
0.88545, 0.26553, 0.02206
0.88274, 0.26807, 0.02111
0.88000, 0.27059, 0.02014
0.87724, 0.27307, 0.01916
0.87444, 0.27554, 0.01817
0.87163, 0.27798, 0.01717
0.86879, 0.28039, 0.01616
0.86592, 0.28278, 0.01514
0.86303, 0.28514, 0.01411
0.86011, 0.28748, 0.01307
0.85717, 0.28979, 0.01202
0.85421, 0.29207, 0.01095
0.85122, 0.29432, 0.00988
0.84820, 0.29655, 0.00880
0.84517, 0.29875, 0.00770
0.84210, 0.30093, 0.00660
0.83902, 0.30307, 0.00548
0.83591, 0.30518, 0.00435
0.83278, 0.30727, 0.00321
0.82962, 0.30933, 0.00206
0.82645, 0.31136, 0.00090
0.82325, 0.31336, -0.00027
0.82002, 0.31532, -0.00145
0.81678, 0.31726, -0.00265
0.81351, 0.31917, -0.00386
0.81022, 0.32104, -0.00507
0.80692, 0.32289, -0.00630
0.80358, 0.32470, -0.00754
0.80023, 0.32648, -0.00880
0.79686, 0.32823, -0.01006
0.79346, 0.32995, -0.01134
0.79005, 0.33163, -0.01263
0.78662, 0.33328, -0.01393
0.78316, 0.33489, -0.01524
0.77969, 0.33647, -0.01656
0.77619, 0.33802, -0.01790
0.77268, 0.33953, -0.01925
0.76915, 0.34100, -0.02061
0.76560, 0.34244, -0.02199
0.76203, 0.34384, -0.02337
0.75844, 0.34521, -0.02478
0.75484, 0.34654, -0.02619
0.75122, 0.34783, -0.02762
0.74758, 0.34908, -0.02906
0.74392, 0.35029, -0.03051
0.74025, 0.35147, -0.03198
0.73656, 0.35260, -0.03346
0.73286, 0.35370, -0.03495
0.72914, 0.35475, -0.03646
0.72540, 0.35576, -0.03798
0.72165, 0.35674, -0.03952
0.71789, 0.35766, -0.04107
0.71411, 0.35855, -0.04264
0.71032, 0.35939, -0.04422
0.70651, 0.36019, -0.04582
0.70269, 0.36095, -0.04743
0.69886, 0.36166, -0.04905
0.69502, 0.36232, -0.05070
0.69117, 0.36294, -0.05236
0.68731, 0.36350, -0.05403
0.68343, 0.36403, -0.05572
0.67955, 0.36450, -0.05743
0.67565, 0.36492, -0.05915
0.67175, 0.36530, -0.06089
0.66784, 0.36562, -0.06265
0.66393, 0.36589, -0.06443
0.66000, 0.36611, -0.06622
0.65608, 0.36627, -0.06803
0.65214, 0.36639, -0.06986
0.64820, 0.36644, -0.07171
0.64426, 0.36644, -0.07357
0.64032, 0.36638, -0.07546
0.63637, 0.36627, -0.07737
0.63242, 0.36610, -0.07929
0.62848, 0.36586, -0.08123
0.62453, 0.36557, -0.08320
0.62059, 0.36521, -0.08518
0.61665, 0.36479, -0.08719
0.61271, 0.36431, -0.08922
0.60878, 0.36376, -0.09127
0.60486, 0.36314, -0.09334
0.60095, 0.36246, -0.09543
0.59705, 0.36170, -0.09755
0.59316, 0.36088, -0.09968
0.58928, 0.35998, -0.10185
0.58542, 0.35901, -0.10403
0.58158, 0.35796, -0.10624
0.57776, 0.35684, -0.10847
0.57396, 0.35564, -0.11073
0.57019, 0.35435, -0.11301
0.56644, 0.35299, -0.11532
0.56272, 0.35154, -0.11765
0.55904, 0.35001, -0.12001
0.55539, 0.34839, -0.12239
0.55178, 0.34669, -0.12480
0.54821, 0.34489, -0.12723
0.54470, 0.34300, -0.12969
0.54123, 0.34101, -0.13218
0.53782, 0.33893, -0.13469
0.53447, 0.33676, -0.13723
0.53119, 0.33448, -0.13980
0.52798, 0.33210, -0.14239
0.52485, 0.32962, -0.14500
0.52180, 0.32703, -0.14764
0.51885, 0.32434, -0.15030
0.51599, 0.32154, -0.15298
0.51325, 0.31864, -0.15568
0.51062, 0.31563, -0.15840
0.50812, 0.31250, -0.16114
0.50576, 0.30928, -0.16389
0.50354, 0.30594, -0.16665
0.50148, 0.30250, -0.16942
0.49960, 0.29896, -0.17219
0.49790, 0.29532, -0.17496
0.49640, 0.29159, -0.17773
0.49511, 0.28778, -0.18047
0.49405, 0.28389, -0.18320
0.49322, 0.27993, -0.18590
0.49265, 0.27591, -0.18856
0.49234, 0.27186, -0.19117
0.49231, 0.26778, -0.19372
0.49257, 0.26370, -0.19620
0.49311, 0.25963, -0.19860
0.49396, 0.25560, -0.20090
0.49509, 0.25164, -0.20309
0.49653, 0.24778, -0.20516
0.49825, 0.24402, -0.20709
0.50024, 0.24041, -0.20888
0.50249, 0.23697, -0.21052
0.50498, 0.23372, -0.21199
0.50768, 0.23068, -0.21330
0.51058, 0.22787, -0.21445
0.51363, 0.22530, -0.21542
0.51682, 0.22297, -0.21623
0.52011, 0.22090, -0.21687
0.52348, 0.21909, -0.21736
0.52690, 0.21753, -0.21770
0.53035, 0.21622, -0.21789
0.53380, 0.21515, -0.21795
0.53724, 0.21431, -0.21788
0.54065, 0.21370, -0.21769
0.54402, 0.21330, -0.21739
0.54733, 0.21310, -0.21700
0.55058, 0.21309, -0.21651
0.55375, 0.21326, -0.21594
0.55684, 0.21360, -0.21529
0.55984, 0.21409, -0.21457
0.56275, 0.21473, -0.21379
0.56556, 0.21551, -0.21295
0.56828, 0.21641, -0.21206
0.57091, 0.21742, -0.21112
0.57343, 0.21855, -0.21014
0.57586, 0.21977, -0.20912
0.57818, 0.22109, -0.20806
0.58041, 0.22250, -0.20698
0.58255, 0.22398, -0.20586
0.58458, 0.22554, -0.20472
0.58652, 0.22717, -0.20356
0.58837, 0.22885, -0.20237
0.59013, 0.23060, -0.20117
0.59180, 0.23240, -0.19995
0.59337, 0.23425, -0.19872
0.59487, 0.23614, -0.19748
0.59627, 0.23808, -0.19622
0.59759, 0.24005, -0.19495
0.59884, 0.24206, -0.19368
0.60000, 0.24410, -0.19240
0.60108, 0.24618, -0.19111
0.60209, 0.24827, -0.18981
0.60302, 0.25040, -0.18851
0.60388, 0.25254, -0.18721
0.60466, 0.25471, -0.18591
0.60538, 0.25689, -0.18460
0.60602, 0.25909, -0.18329
0.60660, 0.26131, -0.18198
0.60712, 0.26354, -0.18067
0.60757, 0.26578, -0.17936
0.60795, 0.26803, -0.17805
0.60828, 0.27029, -0.17675
0.60854, 0.27256, -0.17544
0.60874, 0.27483, -0.17413
0.60889, 0.27711, -0.17283
0.60898, 0.27940, -0.17153
0.60901, 0.28169, -0.17023
0.60899, 0.28398, -0.16894
0.60891, 0.28627, -0.16765
0.60878, 0.28856, -0.16636
0.60860, 0.29086, -0.16508
0.60837, 0.29315, -0.16380
0.60809, 0.29544, -0.16252
0.60776, 0.29773, -0.16125
0.60739, 0.30002, -0.15998
0.60696, 0.30230, -0.15872
0.60649, 0.30458, -0.15746
0.60598, 0.30685, -0.15621
0.60542, 0.30912, -0.15496
0.60481, 0.31139, -0.15372
0.60416, 0.31365, -0.15249
0.60347, 0.31590, -0.15126
0.60274, 0.31815, -0.15003
0.60197, 0.32039, -0.14881
0.60116, 0.32262, -0.14760
0.60030, 0.32484, -0.14639
0.59941, 0.32705, -0.14519
0.59848, 0.32926, -0.14399
0.59752, 0.33146, -0.14280
0.59651, 0.33365, -0.14162
0.59547, 0.33582, -0.14044
0.59439, 0.33799, -0.13927
0.59328, 0.34015, -0.13811
0.59214, 0.34230, -0.13695
0.59095, 0.34444, -0.13580
0.58974, 0.34656, -0.13465
0.58849, 0.34868, -0.13352
0.58721, 0.35078, -0.13239
0.58589, 0.35288, -0.13126
0.58455, 0.35496, -0.13014
0.58317, 0.35702, -0.12903
0.58176, 0.35908, -0.12793
0.58032, 0.36113, -0.12683
0.57885, 0.36316, -0.12574
0.57735, 0.36518, -0.12466
0.57582, 0.36718, -0.12358
0.57426, 0.36918, -0.12252
0.57267, 0.37116, -0.12145
0.57106, 0.37312, -0.12040
0.56941, 0.37508, -0.11935
0.56774, 0.37702, -0.11831
0.56604, 0.37894, -0.11728
0.56432, 0.38085, -0.11626
0.56257, 0.38275, -0.11524
0.56079, 0.38463, -0.11423
0.55898, 0.38650, -0.11323
0.55715, 0.38836, -0.11223
0.55530, 0.39020, -0.11124
0.55342, 0.39202, -0.11026
0.55151, 0.39384, -0.10929
0.54958, 0.39563, -0.10833
0.54763, 0.39741, -0.10737
0.54565, 0.39918, -0.10642
0.54365, 0.40093, -0.10548
0.54162, 0.40266, -0.10455
0.53957, 0.40438, -0.10362
0.53750, 0.40609, -0.10270
0.53541, 0.40778, -0.10180
0.53329, 0.40945, -0.10089
0.53115, 0.41111, -0.10000
0.52899, 0.41275, -0.09911
0.52681, 0.41438, -0.09824
0.52461, 0.41598, -0.09737
0.52238, 0.41758, -0.09651
0.52013, 0.41915, -0.09565
0.51787, 0.42072, -0.09481
0.51558, 0.42226, -0.09397
0.51327, 0.42379, -0.09314
0.51094, 0.42530, -0.09232
0.50859, 0.42679, -0.09151
0.50622, 0.42827, -0.09071
0.50384, 0.42973, -0.08991
0.50143, 0.43117, -0.08913
0.49900, 0.43260, -0.08835
0.49655, 0.43401, -0.08758
0.49409, 0.43540, -0.08682
0.49161, 0.43678, -0.08607
0.48910, 0.43813, -0.08533
0.48658, 0.43947, -0.08459
0.48404, 0.44080, -0.08387
0.48148, 0.44210, -0.08315
0.47891, 0.44339, -0.08244
0.47631, 0.44466, -0.08175
0.47370, 0.44591, -0.08106
0.47107, 0.44714, -0.08038
0.46843, 0.44836, -0.07971
0.46577, 0.44955, -0.07904
0.46308, 0.45073, -0.07839
0.46039, 0.45189, -0.07775
0.45767, 0.45304, -0.07711
0.45494, 0.45416, -0.07649
0.45220, 0.45526, -0.07587
0.44943, 0.45635, -0.07527
0.44665, 0.45742, -0.07467
0.44386, 0.45846, -0.07409
0.44104, 0.45949, -0.07351
0.43821, 0.46050, -0.07294
0.43537, 0.46149, -0.07238
0.43251, 0.46246, -0.07184
0.42964, 0.46342, -0.07130
0.42675, 0.46435, -0.07077
0.42384, 0.46526, -0.07025
0.42092, 0.46615, -0.06975
0.41798, 0.46703, -0.06925
0.41503, 0.46788, -0.06876
0.41207, 0.46871, -0.06829
0.40909, 0.46953, -0.06782
0.40609, 0.47032, -0.06736
0.40308, 0.47109, -0.06692
0.40006, 0.47184, -0.06648
0.39702, 0.47257, -0.06606
0.39397, 0.47328, -0.06564
0.39090, 0.47397, -0.06524
0.38782, 0.47464, -0.06485
0.38473, 0.47528, -0.06447
0.38162, 0.47591, -0.06410
0.37850, 0.47651, -0.06374
0.37536, 0.47709, -0.06339
0.37221, 0.47765, -0.06306
0.36905, 0.47819, -0.06273
0.36588, 0.47871, -0.06242
0.36269, 0.47920, -0.06212
0.35949, 0.47967, -0.06183
0.35627, 0.48012, -0.06155
0.35305, 0.48054, -0.06128
0.34981, 0.48095, -0.06103
0.34655, 0.48133, -0.06079
0.34329, 0.48168, -0.06056
0.34001, 0.48202, -0.06034
0.33672, 0.48233, -0.06013
0.33342, 0.48261, -0.05994
0.33010, 0.48287, -0.05976
0.32678, 0.48311, -0.05959
0.32344, 0.48332, -0.05944
0.32009, 0.48351, -0.05930
0.31673, 0.48368, -0.05917
0.31336, 0.48381, -0.05905
0.30997, 0.48393, -0.05895
0.30658, 0.48402, -0.05886
0.30317, 0.48408, -0.05878
0.29975, 0.48411, -0.05872
0.29632, 0.48412, -0.05867
0.29288, 0.48411, -0.05864
0.28943, 0.48406, -0.05862
0.28597, 0.48399, -0.05861
0.28249, 0.48390, -0.05862
0.27901, 0.48377, -0.05864
0.27552, 0.48362, -0.05868
0.27201, 0.48344, -0.05873
0.26850, 0.48323, -0.05880
0.26498, 0.48299, -0.05888
0.26144, 0.48272, -0.05898
0.25790, 0.48243, -0.05909
0.25435, 0.48210, -0.05922
0.25079, 0.48174, -0.05937
0.24722, 0.48136, -0.05953
0.24364, 0.48094, -0.05970
0.24005, 0.48049, -0.05990
0.23645, 0.48001, -0.06011
0.23284, 0.47950, -0.06033
0.22923, 0.47896, -0.06057
0.22561, 0.47838, -0.06083
0.22198, 0.47777, -0.06111
0.21834, 0.47713, -0.06141
0.21469, 0.47645, -0.06172
0.21104, 0.47574, -0.06205
0.20738, 0.47499, -0.06240
0.20371, 0.47421, -0.06277
0.20004, 0.47339, -0.06316
0.19636, 0.47254, -0.06356
0.19267, 0.47164, -0.06399
0.18898, 0.47072, -0.06443
0.18528, 0.46975, -0.06489
0.18158, 0.46874, -0.06538
0.17787, 0.46770, -0.06588
0.17416, 0.46661, -0.06641
0.17045, 0.46548, -0.06695
0.16673, 0.46432, -0.06752
0.16301, 0.46311, -0.06811
0.15928, 0.46185, -0.06872
0.15555, 0.46056, -0.06935
0.15182, 0.45922, -0.07001
0.14809, 0.45783, -0.07069
0.14436, 0.45640, -0.07139
0.14062, 0.45492, -0.07211
0.13689, 0.45340, -0.07286
0.13316, 0.45182, -0.07364
0.12943, 0.45020, -0.07443
0.12570, 0.44852, -0.07526
0.12198, 0.44679, -0.07611
0.11825, 0.44501, -0.07698
0.11454, 0.44318, -0.07788
0.11083, 0.44129, -0.07881
0.10712, 0.43935, -0.07977
0.10342, 0.43735, -0.08075
0.09973, 0.43529, -0.08176
0.09605, 0.43316, -0.08280
0.09238, 0.43098, -0.08387
0.08873, 0.42874, -0.08497
0.08509, 0.42643, -0.08611
0.08146, 0.42405, -0.08727
0.07785, 0.42161, -0.08846
0.07426, 0.41910, -0.08968
0.07068, 0.41651, -0.09094
0.06714, 0.41386, -0.09223
0.06361, 0.41112, -0.09356
0.06012, 0.40832, -0.09491
0.05665, 0.40543, -0.09631
0.05321, 0.40246, -0.09774
0.04982, 0.39941, -0.09920
0.04646, 0.39628, -0.10070
0.04314, 0.39305, -0.10224
0.03987, 0.38974, -0.10381
0.03665, 0.38634, -0.10542
0.03349, 0.38284, -0.10707
0.03038, 0.37924, -0.10876
0.02734, 0.37555, -0.11048
0.02438, 0.37175, -0.11225
0.02149, 0.36785, -0.11405
0.01868, 0.36384, -0.11589
0.01597, 0.35973, -0.11777
0.01336, 0.35550, -0.11968
0.01086, 0.35116, -0.12163
0.00848, 0.34670, -0.12362
0.00623, 0.34213, -0.12564
0.00412, 0.33745, -0.12768
0.00217, 0.33265, -0.12976
0.00039, 0.32773, -0.13186
-0.00121, 0.32270, -0.13398
-0.00261, 0.31755, -0.13612
-0.00380, 0.31231, -0.13826
-0.00475, 0.30696, -0.14041
-0.00546, 0.30152, -0.14255
-0.00589, 0.29600, -0.14468
-0.00605, 0.29042, -0.14677
-0.00590, 0.28478, -0.14883
-0.00544, 0.27911, -0.15083
-0.00465, 0.27344, -0.15277
-0.00352, 0.26778, -0.15461
-0.00205, 0.26217, -0.15636
-0.00024, 0.25663, -0.15799
0.00191, 0.25120, -0.15948
0.00439, 0.24592, -0.16083
0.00718, 0.24080, -0.16200
0.01025, 0.23589, -0.16301
0.01359, 0.23120, -0.16383
0.01715, 0.22676, -0.16447
0.02091, 0.22258, -0.16492
0.02483, 0.21868, -0.16518
0.02888, 0.21505, -0.16526
0.03302, 0.21172, -0.16516
0.03723, 0.20866, -0.16489
0.04147, 0.20587, -0.16447
0.04572, 0.20335, -0.16390
0.04996, 0.20108, -0.16319
0.05417, 0.19906, -0.16235
0.05834, 0.19727, -0.16139
0.06245, 0.19569, -0.16033
0.06648, 0.19431, -0.15918
0.07044, 0.19313, -0.15793
0.07432, 0.19212, -0.15661
0.07810, 0.19128, -0.15521
0.08179, 0.19059, -0.15375
0.08539, 0.19004, -0.15223
0.08889, 0.18963, -0.15066
0.09229, 0.18933, -0.14904
0.09559, 0.18915, -0.14739
0.09879, 0.18908, -0.14569
0.10190, 0.18910, -0.14396
0.10491, 0.18922, -0.14221
0.10782, 0.18941, -0.14043
0.11064, 0.18969, -0.13862
0.11336, 0.19004, -0.13679
0.11600, 0.19045, -0.13495
0.11854, 0.19093, -0.13309
0.12100, 0.19146, -0.13122
0.12337, 0.19205, -0.12934
0.12566, 0.19269, -0.12744
0.12787, 0.19337, -0.12554
0.13000, 0.19410, -0.12364
0.13204, 0.19486, -0.12172
0.13402, 0.19567, -0.11980
0.13591, 0.19651, -0.11788
0.13774, 0.19737, -0.11596
0.13949, 0.19827, -0.11404
0.14117, 0.19920, -0.11211
0.14278, 0.20015, -0.11019
0.14433, 0.20113, -0.10826
0.14581, 0.20212, -0.10634
0.14723, 0.20314, -0.10442
0.14859, 0.20417, -0.10250
0.14988, 0.20522, -0.10059
0.15112, 0.20629, -0.09868
0.15230, 0.20737, -0.09677
0.15342, 0.20847, -0.09487
0.15448, 0.20958, -0.09297
0.15549, 0.21069, -0.09108
0.15645, 0.21182, -0.08920
0.15735, 0.21296, -0.08732
0.15820, 0.21410, -0.08544
0.15901, 0.21526, -0.08357
0.15976, 0.21641, -0.08171
0.16046, 0.21758, -0.07986
0.16112, 0.21875, -0.07801
0.16173, 0.21992, -0.07617
0.16229, 0.22110, -0.07434
0.16281, 0.22228, -0.07251
0.16329, 0.22346, -0.07069
0.16372, 0.22464, -0.06888
0.16411, 0.22583, -0.06708
0.16446, 0.22702, -0.06528
0.16477, 0.22820, -0.06350
0.16504, 0.22939, -0.06172
0.16527, 0.23057, -0.05995
0.16545, 0.23176, -0.05819
0.16561, 0.23294, -0.05643
0.16572, 0.23412, -0.05469
0.16580, 0.23530, -0.05295
0.16584, 0.23648, -0.05123
0.16584, 0.23765, -0.04951
0.16581, 0.23882, -0.04780
0.16574, 0.23999, -0.04610
0.16564, 0.24115, -0.04441
0.16551, 0.24231, -0.04272
0.16535, 0.24347, -0.04105
0.16515, 0.24462, -0.03939
0.16492, 0.24576, -0.03773
0.16465, 0.24690, -0.03609
0.16436, 0.24804, -0.03445
0.16403, 0.24916, -0.03282
0.16368, 0.25029, -0.03120
0.16329, 0.25140, -0.02959
0.16288, 0.25251, -0.02799
0.16244, 0.25362, -0.02641
0.16196, 0.25471, -0.02482
0.16146, 0.25581, -0.02325
0.16094, 0.25689, -0.02169
0.16038, 0.25796, -0.02014
0.15980, 0.25903, -0.01860
0.15918, 0.26009, -0.01707
0.15855, 0.26115, -0.01554
0.15788, 0.26219, -0.01403
0.15719, 0.26323, -0.01253
0.15648, 0.26426, -0.01103
0.15574, 0.26528, -0.00955
0.15497, 0.26629, -0.00807
0.15418, 0.26729, -0.00661
0.15337, 0.26829, -0.00515
0.15253, 0.26927, -0.00371
0.15167, 0.27025, -0.00227
0.15078, 0.27122, -0.00085
0.14987, 0.27218, 0.00057
0.14894, 0.27312, 0.00198
0.14798, 0.27406, 0.00337
0.14700, 0.27499, 0.00476
0.14600, 0.27591, 0.00613
0.14498, 0.27682, 0.00750
0.14393, 0.27772, 0.00886
0.14287, 0.27861, 0.01020
0.14178, 0.27949, 0.01154
0.14067, 0.28036, 0.01286
0.13954, 0.28122, 0.01418
0.13838, 0.28206, 0.01549
0.13721, 0.28290, 0.01678
0.13602, 0.28373, 0.01807
0.13480, 0.28454, 0.01934
0.13357, 0.28534, 0.02061
0.13231, 0.28614, 0.02186
0.13104, 0.28692, 0.02311
0.12975, 0.28769, 0.02434
0.12844, 0.28845, 0.02557
0.12710, 0.28920, 0.02678
0.12575, 0.28993, 0.02798
0.12438, 0.29066, 0.02918
0.12299, 0.29137, 0.03036
0.12159, 0.29207, 0.03153
0.12016, 0.29276, 0.03270
0.11871, 0.29343, 0.03385
0.11725, 0.29410, 0.03499
0.11577, 0.29475, 0.03612
0.11427, 0.29539, 0.03724
0.11276, 0.29601, 0.03835
0.11122, 0.29663, 0.03945
0.10967, 0.29723, 0.04054
0.10810, 0.29782, 0.04161
0.10652, 0.29839, 0.04268
0.10491, 0.29896, 0.04374
0.10329, 0.29951, 0.04478
0.10166, 0.30004, 0.04582
0.10000, 0.30057, 0.04684
0.09833, 0.30108, 0.04785
0.09665, 0.30157, 0.04885
0.09494, 0.30206, 0.04984
0.09322, 0.30252, 0.05082
0.09149, 0.30298, 0.05179
0.08974, 0.30342, 0.05275
0.08797, 0.30385, 0.05370
0.08619, 0.30426, 0.05463
0.08439, 0.30466, 0.05556
0.08257, 0.30504, 0.05647
0.08074, 0.30541, 0.05737
0.07890, 0.30577, 0.05826
0.07704, 0.30611, 0.05914
0.07516, 0.30644, 0.06001
0.07327, 0.30675, 0.06087
0.07136, 0.30704, 0.06171
0.06944, 0.30732, 0.06255
0.06751, 0.30759, 0.06337
0.06556, 0.30784, 0.06418
0.06359, 0.30807, 0.06498
0.06161, 0.30829, 0.06576
0.05962, 0.30850, 0.06654
0.05761, 0.30868, 0.06730
0.05558, 0.30886, 0.06805
0.05355, 0.30901, 0.06879
0.05149, 0.30915, 0.06952
0.04943, 0.30927, 0.07023
0.04735, 0.30938, 0.07093
0.04526, 0.30947, 0.07162
0.04315, 0.30954, 0.07230
0.04103, 0.30960, 0.07297
0.03889, 0.30963, 0.07362
0.03675, 0.30965, 0.07426
0.03458, 0.30966, 0.07489
0.03241, 0.30964, 0.07550
0.03022, 0.30961, 0.07611
0.02802, 0.30956, 0.07670
0.02580, 0.30950, 0.07727
0.02358, 0.30941, 0.07784
0.02134, 0.30931, 0.07839
0.01908, 0.30918, 0.07893
0.01681, 0.30904, 0.07945
0.01453, 0.30888, 0.07996
0.01224, 0.30870, 0.08046
0.00994, 0.30850, 0.08095
0.00762, 0.30828, 0.08142
0.00529, 0.30805, 0.08187
0.00295, 0.30779, 0.08232
0.00059, 0.30751, 0.08275
-0.00177, 0.30721, 0.08316
-0.00415, 0.30689, 0.08356
-0.00654, 0.30656, 0.08395
-0.00895, 0.30620, 0.08432
-0.01136, 0.30581, 0.08468
-0.01379, 0.30541, 0.08503
-0.01623, 0.30499, 0.08536
-0.01868, 0.30454, 0.08567
-0.02114, 0.30407, 0.08597
-0.02361, 0.30358, 0.08626
-0.02610, 0.30307, 0.08653
-0.02859, 0.30253, 0.08678
-0.03110, 0.30197, 0.08702
-0.03362, 0.30139, 0.08725
-0.03615, 0.30079, 0.08746
-0.03869, 0.30016, 0.08765
-0.04124, 0.29950, 0.08783
-0.04380, 0.29882, 0.08799
-0.04637, 0.29812, 0.08813
-0.04896, 0.29739, 0.08826
-0.05155, 0.29664, 0.08837
-0.05415, 0.29586, 0.08847
-0.05677, 0.29505, 0.08854
-0.05939, 0.29422, 0.08861
-0.06203, 0.29336, 0.08865
-0.06467, 0.29247, 0.08868
-0.06732, 0.29156, 0.08869
-0.06998, 0.29061, 0.08868
-0.07266, 0.28964, 0.08865
-0.07534, 0.28864, 0.08861
-0.07803, 0.28761, 0.08854
-0.08073, 0.28655, 0.08846
-0.08343, 0.28546, 0.08836
-0.08615, 0.28435, 0.08824
-0.08887, 0.28319, 0.08810
-0.09161, 0.28201, 0.08795
-0.09435, 0.28080, 0.08777
-0.09709, 0.27955, 0.08757
-0.09985, 0.27827, 0.08735
-0.10261, 0.27696, 0.08712
-0.10538, 0.27561, 0.08686
-0.10816, 0.27422, 0.08658
-0.11094, 0.27280, 0.08628
-0.11373, 0.27135, 0.08596
-0.11652, 0.26986, 0.08561
-0.11932, 0.26833, 0.08525
-0.12213, 0.26676, 0.08486
-0.12494, 0.26516, 0.08445
-0.12775, 0.26351, 0.08401
-0.13057, 0.26182, 0.08355
-0.13339, 0.26010, 0.08307
-0.13622, 0.25833, 0.08257
-0.13905, 0.25651, 0.08204
-0.14188, 0.25466, 0.08148
-0.14471, 0.25276, 0.08090
-0.14754, 0.25081, 0.08030
-0.15037, 0.24882, 0.07967
-0.15321, 0.24678, 0.07901
-0.15604, 0.24469, 0.07832
-0.15887, 0.24255, 0.07761
-0.16170, 0.24036, 0.07687
-0.16452, 0.23812, 0.07610
-0.16735, 0.23582, 0.07530
-0.17016, 0.23347, 0.07448
-0.17297, 0.23107, 0.07362
-0.17578, 0.22860, 0.07273
-0.17857, 0.22608, 0.07182
-0.18136, 0.22350, 0.07087
-0.18413, 0.22085, 0.06988
-0.18689, 0.21815, 0.06887
-0.18964, 0.21537, 0.06782
-0.19237, 0.21253, 0.06674
-0.19509, 0.20962, 0.06563
-0.19779, 0.20664, 0.06448
-0.20046, 0.20359, 0.06329
-0.20311, 0.20046, 0.06207
-0.20574, 0.19725, 0.06081
-0.20833, 0.19397, 0.05951
-0.21089, 0.19060, 0.05818
-0.21342, 0.18715, 0.05680
-0.21591, 0.18361, 0.05539
-0.21836, 0.17999, 0.05393
-0.22076, 0.17627, 0.05244
-0.22311, 0.17245, 0.05090
-0.22540, 0.16854, 0.04933
-0.22763, 0.16453, 0.04771
-0.22979, 0.16042, 0.04605
-0.23188, 0.15620, 0.04434
-0.23389, 0.15187, 0.04260
-0.23581, 0.14742, 0.04081
-0.23762, 0.14287, 0.03898
-0.23933, 0.13819, 0.03711
-0.24092, 0.13340, 0.03520
-0.24239, 0.12849, 0.03325
-0.24370, 0.12345, 0.03126
-0.24486, 0.11829, 0.02924
-0.24585, 0.11300, 0.02719
-0.24665, 0.10759, 0.02511
-0.24725, 0.10207, 0.02302
-0.24762, 0.09642, 0.02090
-0.24774, 0.09067, 0.01878
-0.24760, 0.08481, 0.01667
-0.24717, 0.07887, 0.01457
-0.24644, 0.07285, 0.01249
-0.24538, 0.06678, 0.01045
-0.24398, 0.06068, 0.00848
-0.24221, 0.05457, 0.00658
-0.24007, 0.04848, 0.00477
-0.23756, 0.04245, 0.00308
-0.23467, 0.03652, 0.00152
-0.23142, 0.03073, 0.00012
-0.22781, 0.02511, -0.00111
-0.22388, 0.01969, -0.00215
-0.21965, 0.01452, -0.00300
-0.21515, 0.00961, -0.00364
-0.21044, 0.00499, -0.00407
-0.20554, 0.00068, -0.00430
-0.20050, -0.00333, -0.00433
-0.19536, -0.00702, -0.00416
-0.19016, -0.01040, -0.00381
-0.18492, -0.01348, -0.00329
-0.17968, -0.01628, -0.00261
-0.17447, -0.01880, -0.00178
-0.16929, -0.02105, -0.00082
-0.16417, -0.02306, 0.00026
-0.15912, -0.02485, 0.00146
-0.15416, -0.02642, 0.00275
-0.14929, -0.02779, 0.00413
-0.14452, -0.02897, 0.00558
-0.13984, -0.02999, 0.00711
-0.13527, -0.03085, 0.00870
-0.13081, -0.03157, 0.01035
-0.12646, -0.03215, 0.01204
-0.12221, -0.03261, 0.01378
-0.11807, -0.03295, 0.01556
-0.11404, -0.03320, 0.01737
-0.11011, -0.03334, 0.01921
-0.10628, -0.03339, 0.02108
-0.10256, -0.03336, 0.02297
-0.09894, -0.03326, 0.02487
-0.09541, -0.03308, 0.02680
-0.09198, -0.03284, 0.02874
-0.08864, -0.03254, 0.03069
-0.08539, -0.03218, 0.03265
-0.08223, -0.03177, 0.03462
-0.07915, -0.03131, 0.03660
-0.07616, -0.03081, 0.03858
-0.07326, -0.03027, 0.04057
-0.07043, -0.02968, 0.04256
-0.06768, -0.02907, 0.04455
-0.06501, -0.02841, 0.04654
-0.06242, -0.02773, 0.04853
-0.05989, -0.02702, 0.05052
-0.05744, -0.02628, 0.05251
-0.05505, -0.02552, 0.05449
-0.05274, -0.02474, 0.05647
-0.05049, -0.02394, 0.05845
-0.04830, -0.02311, 0.06042
-0.04618, -0.02227, 0.06239
-0.04412, -0.02141, 0.06436
-0.04211, -0.02054, 0.06632
-0.04017, -0.01965, 0.06827
-0.03829, -0.01875, 0.07022
-0.03646, -0.01784, 0.07215
-0.03468, -0.01692, 0.07409
-0.03296, -0.01598, 0.07601
-0.03130, -0.01504, 0.07793
-0.02968, -0.01409, 0.07984
-0.02811, -0.01314, 0.08174
-0.02660, -0.01217, 0.08364
-0.02513, -0.01120, 0.08552
-0.02371, -0.01023, 0.08740
-0.02234, -0.00925, 0.08927
-0.02101, -0.00827, 0.09113
-0.01973, -0.00728, 0.09298
-0.01849, -0.00629, 0.09483
-0.01729, -0.00530, 0.09666
-0.01614, -0.00431, 0.09848
-0.01503, -0.00331, 0.10030
-0.01396, -0.00232, 0.10210
-0.01293, -0.00132, 0.10390
-0.01194, -0.00033, 0.10569
-0.01098, 0.00067, 0.10746
-0.01007, 0.00166, 0.10923
-0.00919, 0.00265, 0.11099
-0.00835, 0.00364, 0.11274
-0.00755, 0.00463, 0.11448
-0.00678, 0.00562, 0.11621
-0.00605, 0.00661, 0.11792
-0.00535, 0.00759, 0.11963
-0.00469, 0.00857, 0.12133
-0.00406, 0.00954, 0.12302
-0.00347, 0.01051, 0.12470
-0.00290, 0.01148, 0.12637
-0.00237, 0.01245, 0.12802
-0.00187, 0.01341, 0.12967
-0.00140, 0.01436, 0.13131
-0.00096, 0.01532, 0.13294
-0.00056, 0.01626, 0.13456
-0.00018, 0.01720, 0.13616
0.00017, 0.01814, 0.13776
0.00049, 0.01907, 0.13935
0.00078, 0.01999, 0.14092
0.00104, 0.02091, 0.14249
0.00127, 0.02182, 0.14405
0.00148, 0.02273, 0.14559
0.00166, 0.02363, 0.14713
0.00181, 0.02453, 0.14865
0.00193, 0.02541, 0.15016
0.00203, 0.02629, 0.15167
0.00210, 0.02717, 0.15316
0.00215, 0.02803, 0.15464
0.00217, 0.02889, 0.15612
0.00217, 0.02974, 0.15758
0.00214, 0.03059, 0.15903
0.00208, 0.03142, 0.16047
0.00200, 0.03225, 0.16190
0.00190, 0.03307, 0.16332
0.00178, 0.03389, 0.16473
0.00163, 0.03469, 0.16613
0.00145, 0.03549, 0.16752
0.00126, 0.03627, 0.16890
0.00104, 0.03705, 0.17026
0.00080, 0.03782, 0.17162
0.00054, 0.03859, 0.17297
0.00025, 0.03934, 0.17430
-0.00006, 0.04008, 0.17563
-0.00039, 0.04082, 0.17694
-0.00074, 0.04155, 0.17824
-0.00111, 0.04226, 0.17953
-0.00150, 0.04297, 0.18082
-0.00192, 0.04367, 0.18209
-0.00235, 0.04436, 0.18335
-0.00281, 0.04504, 0.18460
-0.00328, 0.04571, 0.18584
-0.00378, 0.04636, 0.18706
-0.00430, 0.04701, 0.18828
-0.00483, 0.04765, 0.18949
-0.00539, 0.04828, 0.19068
-0.00596, 0.04890, 0.19187
-0.00656, 0.04951, 0.19304
-0.00717, 0.05011, 0.19421
-0.00780, 0.05070, 0.19536
-0.00845, 0.05127, 0.19650
-0.00912, 0.05184, 0.19763
-0.00981, 0.05239, 0.19875
-0.01052, 0.05294, 0.19986
-0.01124, 0.05347, 0.20095
-0.01199, 0.05399, 0.20204
-0.01275, 0.05450, 0.20312
-0.01353, 0.05500, 0.20418
-0.01433, 0.05549, 0.20523
-0.01514, 0.05597, 0.20627
-0.01597, 0.05643, 0.20731
-0.01682, 0.05689, 0.20832
-0.01769, 0.05733, 0.20933
-0.01857, 0.05776, 0.21033
-0.01947, 0.05818, 0.21132
-0.02039, 0.05858, 0.21229
-0.02132, 0.05898, 0.21325
-0.02227, 0.05936, 0.21420
-0.02324, 0.05973, 0.21514
-0.02423, 0.06008, 0.21607
-0.02523, 0.06043, 0.21699
-0.02624, 0.06076, 0.21790
-0.02727, 0.06108, 0.21879
-0.02832, 0.06138, 0.21967
-0.02939, 0.06167, 0.22054
-0.03047, 0.06195, 0.22140
-0.03156, 0.06222, 0.22225
-0.03267, 0.06247, 0.22309
-0.03380, 0.06271, 0.22391
-0.03494, 0.06293, 0.22472
-0.03610, 0.06315, 0.22552
-0.03727, 0.06334, 0.22631
-0.03846, 0.06353, 0.22709
-0.03966, 0.06370, 0.22785
-0.04088, 0.06385, 0.22860
-0.04212, 0.06399, 0.22934
-0.04336, 0.06412, 0.23007
-0.04463, 0.06423, 0.23079
-0.04590, 0.06433, 0.23149
-0.04719, 0.06441, 0.23218
-0.04850, 0.06448, 0.23286
-0.04982, 0.06453, 0.23353
-0.05116, 0.06457, 0.23418
-0.05250, 0.06459, 0.23482
-0.05387, 0.06460, 0.23545
-0.05524, 0.06459, 0.23607
-0.05664, 0.06457, 0.23667
-0.05804, 0.06453, 0.23726
-0.05946, 0.06447, 0.23784
-0.06089, 0.06440, 0.23840
-0.06234, 0.06431, 0.23896
-0.06380, 0.06420, 0.23949
-0.06527, 0.06408, 0.24002
-0.06676, 0.06394, 0.24053
-0.06826, 0.06378, 0.24103
-0.06977, 0.06361, 0.24152
-0.07130, 0.06342, 0.24199
-0.07284, 0.06321, 0.24245
-0.07439, 0.06298, 0.24289
-0.07596, 0.06274, 0.24332
-0.07754, 0.06248, 0.24374
-0.07913, 0.06219, 0.24414
-0.08073, 0.06190, 0.24453
-0.08235, 0.06158, 0.24491
-0.08398, 0.06124, 0.24527
-0.08562, 0.06088, 0.24562
-0.08728, 0.06051, 0.24595
-0.08895, 0.06011, 0.24627
-0.09063, 0.05970, 0.24657
-0.09232, 0.05927, 0.24686
-0.09402, 0.05881, 0.24714
-0.09574, 0.05834, 0.24740
-0.09747, 0.05784, 0.24764
-0.09921, 0.05732, 0.24787
-0.10096, 0.05679, 0.24809
-0.10272, 0.05623, 0.24829
-0.10450, 0.05564, 0.24847
-0.10629, 0.05504, 0.24864
-0.10809, 0.05442, 0.24879
-0.10990, 0.05377, 0.24893
-0.11172, 0.05310, 0.24905
-0.11355, 0.05240, 0.24915
-0.11539, 0.05169, 0.24924
-0.11725, 0.05095, 0.24931
-0.11911, 0.05018, 0.24937
-0.12099, 0.04939, 0.24940
-0.12288, 0.04858, 0.24943
-0.12478, 0.04774, 0.24943
-0.12668, 0.04688, 0.24942
-0.12860, 0.04599, 0.24939
-0.13053, 0.04507, 0.24934
-0.13247, 0.04413, 0.24927
-0.13442, 0.04316, 0.24919
-0.13638, 0.04216, 0.24909
-0.13835, 0.04113, 0.24897
-0.14032, 0.04008, 0.24883
-0.14231, 0.03900, 0.24868
-0.14431, 0.03789, 0.24850
-0.14631, 0.03675, 0.24830
-0.14833, 0.03558, 0.24809
-0.15035, 0.03438, 0.24786
-0.15238, 0.03315, 0.24760
-0.15442, 0.03188, 0.24733
-0.15647, 0.03059, 0.24703
-0.15852, 0.02926, 0.24672
-0.16058, 0.02790, 0.24639
-0.16265, 0.02650, 0.24603
-0.16473, 0.02508, 0.24565
-0.16682, 0.02361, 0.24525
-0.16891, 0.02211, 0.24483
-0.17100, 0.02057, 0.24439
-0.17311, 0.01900, 0.24392
-0.17521, 0.01739, 0.24343
-0.17733, 0.01574, 0.24292
-0.17944, 0.01405, 0.24238
-0.18157, 0.01232, 0.24182
-0.18369, 0.01055, 0.24124
-0.18582, 0.00874, 0.24063
-0.18795, 0.00688, 0.24000
-0.19009, 0.00498, 0.23934
-0.19223, 0.00304, 0.23866
-0.19436, 0.00105, 0.23795
-0.19650, -0.00099, 0.23721
-0.19864, -0.00307, 0.23644
-0.20078, -0.00520, 0.23565
-0.20292, -0.00739, 0.23483
-0.20505, -0.00962, 0.23399
-0.20718, -0.01191, 0.23311
-0.20931, -0.01425, 0.23220
-0.21143, -0.01665, 0.23127
-0.21355, -0.01910, 0.23030
-0.21566, -0.02161, 0.22930
-0.21776, -0.02418, 0.22827
-0.21985, -0.02681, 0.22721
-0.22193, -0.02951, 0.22611
-0.22400, -0.03227, 0.22499
-0.22605, -0.03510, 0.22382
-0.22809, -0.03799, 0.22263
-0.23011, -0.04096, 0.22140
-0.23211, -0.04400, 0.22013
-0.23408, -0.04711, 0.21882
-0.23604, -0.05030, 0.21748
-0.23796, -0.05357, 0.21610
-0.23985, -0.05693, 0.21468
-0.24171, -0.06036, 0.21323
-0.24353, -0.06389, 0.21173
-0.24531, -0.06750, 0.21019
-0.24705, -0.07121, 0.20861
-0.24873, -0.07501, 0.20699
-0.25036, -0.07891, 0.20533
-0.25193, -0.08292, 0.20362
-0.25343, -0.08703, 0.20187
-0.25485, -0.09125, 0.20008
-0.25620, -0.09557, 0.19824
-0.25746, -0.10002, 0.19636
-0.25861, -0.10458, 0.19444
-0.25966, -0.10926, 0.19248
-0.26059, -0.11407, 0.19048
-0.26138, -0.11900, 0.18843
-0.26203, -0.12406, 0.18635
-0.26252, -0.12924, 0.18424
-0.26283, -0.13456, 0.18209
-0.26295, -0.14000, 0.17992
-0.26285, -0.14557, 0.17772
-0.26252, -0.15126, 0.17551
-0.26193, -0.15706, 0.17330
-0.26107, -0.16297, 0.17109
-0.25990, -0.16897, 0.16890
-0.25841, -0.17505, 0.16674
-0.25657, -0.18118, 0.16462
-0.25437, -0.18734, 0.16258
-0.25178, -0.19349, 0.16062
-0.24880, -0.19961, 0.15876
-0.24543, -0.20565, 0.15704
-0.24166, -0.21157, 0.15547
-0.23751, -0.21733, 0.15407
-0.23300, -0.22289, 0.15285
-0.22816, -0.22821, 0.15185
-0.22303, -0.23325, 0.15105
-0.21765, -0.23800, 0.15047
-0.21206, -0.24243, 0.15011
-0.20631, -0.24652, 0.14996
-0.20045, -0.25029, 0.15002
-0.19451, -0.25373, 0.15027
-0.18854, -0.25684, 0.15070
-0.18255, -0.25965, 0.15131
-0.17659, -0.26216, 0.15206
-0.17068, -0.26439, 0.15295
-0.16483, -0.26636, 0.15397
-0.15905, -0.26810, 0.15510
-0.15337, -0.26960, 0.15633
-0.14778, -0.27090, 0.15765
-0.14230, -0.27201, 0.15905
-0.13693, -0.27294, 0.16051
-0.13167, -0.27371, 0.16204
-0.12652, -0.27433, 0.16363
-0.12148, -0.27481, 0.16526
-0.11656, -0.27517, 0.16693
-0.11175, -0.27541, 0.16864
-0.10705, -0.27554, 0.17038
-0.10246, -0.27558, 0.17215
-0.09798, -0.27552, 0.17394
-0.09361, -0.27538, 0.17576
-0.08933, -0.27517, 0.17759
-0.08516, -0.27488, 0.17943
-0.08109, -0.27453, 0.18129
-0.07711, -0.27411, 0.18315
-0.07322, -0.27364, 0.18502
-0.06943, -0.27312, 0.18691
-0.06572, -0.27255, 0.18879
-0.06211, -0.27194, 0.19068
-0.05857, -0.27128, 0.19257
-0.05512, -0.27059, 0.19446
-0.05175, -0.26986, 0.19635
-0.04845, -0.26910, 0.19824
-0.04523, -0.26831, 0.20013
-0.04209, -0.26749, 0.20201
-0.03902, -0.26664, 0.20389
-0.03601, -0.26577, 0.20577
-0.03308, -0.26488, 0.20764
-0.03021, -0.26397, 0.20951
-0.02741, -0.26304, 0.21137
-0.02467, -0.26209, 0.21323
-0.02199, -0.26113, 0.21507
-0.01938, -0.26015, 0.21692
-0.01682, -0.25915, 0.21875
-0.01432, -0.25815, 0.22058
-0.01188, -0.25713, 0.22239
-0.00950, -0.25610, 0.22421
-0.00716, -0.25506, 0.22601
-0.00489, -0.25401, 0.22780
-0.00266, -0.25296, 0.22959
-0.00048, -0.25190, 0.23136
0.00164, -0.25083, 0.23313
0.00372, -0.24975, 0.23489
0.00575, -0.24867, 0.23663
0.00773, -0.24759, 0.23837
0.00967, -0.24650, 0.24010
0.01156, -0.24541, 0.24182
0.01341, -0.24431, 0.24353
0.01521, -0.24322, 0.24523
0.01698, -0.24212, 0.24692
0.01870, -0.24102, 0.24860
0.02037, -0.23992, 0.25027
0.02201, -0.23881, 0.25192
0.02361, -0.23771, 0.25357
0.02517, -0.23661, 0.25521
0.02669, -0.23551, 0.25684
0.02818, -0.23441, 0.25845
0.02962, -0.23331, 0.26006
0.03103, -0.23221, 0.26166
0.03241, -0.23112, 0.26324
0.03375, -0.23003, 0.26482
0.03505, -0.22894, 0.26638
0.03632, -0.22785, 0.26794
0.03755, -0.22676, 0.26948
0.03876, -0.22568, 0.27101
0.03993, -0.22460, 0.27253
0.04107, -0.22353, 0.27404
0.04217, -0.22246, 0.27554
0.04325, -0.22139, 0.27703
0.04429, -0.22033, 0.27851
0.04530, -0.21927, 0.27998
0.04629, -0.21822, 0.28143
0.04724, -0.21717, 0.28288
0.04816, -0.21612, 0.28431
0.04906, -0.21509, 0.28574
0.04993, -0.21405, 0.28715
0.05077, -0.21303, 0.28855
0.05158, -0.21200, 0.28994
0.05236, -0.21099, 0.29132
0.05312, -0.20998, 0.29269
0.05385, -0.20898, 0.29405
0.05455, -0.20798, 0.29540
0.05523, -0.20699, 0.29673
0.05588, -0.20601, 0.29806
0.05650, -0.20503, 0.29937
0.05710, -0.20406, 0.30068
0.05768, -0.20309, 0.30197
0.05823, -0.20214, 0.30325
0.05876, -0.20119, 0.30452
0.05926, -0.20025, 0.30578
0.05974, -0.19931, 0.30703
0.06019, -0.19839, 0.30827
0.06062, -0.19747, 0.30950
0.06103, -0.19656, 0.31071
0.06141, -0.19565, 0.31192
0.06178, -0.19476, 0.31311
0.06212, -0.19387, 0.31429
0.06243, -0.19299, 0.31546
0.06273, -0.19212, 0.31662
0.06300, -0.19126, 0.31777
0.06326, -0.19041, 0.31891
0.06349, -0.18956, 0.32004
0.06370, -0.18873, 0.32115
0.06388, -0.18790, 0.32226
0.06405, -0.18708, 0.32335
0.06420, -0.18627, 0.32444
0.06433, -0.18547, 0.32551
0.06443, -0.18468, 0.32657
0.06452, -0.18390, 0.32762
0.06459, -0.18313, 0.32865
0.06463, -0.18237, 0.32968
0.06466, -0.18162, 0.33070
0.06467, -0.18087, 0.33170
0.06465, -0.18014, 0.33269
0.06462, -0.17942, 0.33368
0.06457, -0.17870, 0.33465
0.06451, -0.17800, 0.33560
0.06442, -0.17731, 0.33655
0.06431, -0.17662, 0.33749
0.06419, -0.17595, 0.33841
0.06405, -0.17529, 0.33933
0.06388, -0.17464, 0.34023
0.06371, -0.17400, 0.34112
0.06351, -0.17337, 0.34200
0.06330, -0.17275, 0.34287
0.06306, -0.17214, 0.34372
0.06281, -0.17154, 0.34457
0.06255, -0.17096, 0.34540
0.06226, -0.17038, 0.34622
0.06196, -0.16982, 0.34703
0.06165, -0.16926, 0.34783
0.06131, -0.16872, 0.34862
0.06096, -0.16819, 0.34939
0.06059, -0.16768, 0.35016
0.06021, -0.16717, 0.35091
0.05981, -0.16668, 0.35165
0.05939, -0.16620, 0.35238
0.05895, -0.16573, 0.35309
0.05850, -0.16527, 0.35380
0.05804, -0.16482, 0.35449
0.05756, -0.16439, 0.35517
0.05706, -0.16397, 0.35584
0.05655, -0.16356, 0.35649
0.05602, -0.16317, 0.35714
0.05547, -0.16279, 0.35777
0.05491, -0.16242, 0.35839
0.05434, -0.16206, 0.35900
0.05375, -0.16172, 0.35959
0.05314, -0.16139, 0.36018
0.05252, -0.16107, 0.36075
0.05188, -0.16077, 0.36131
0.05123, -0.16048, 0.36185
0.05057, -0.16021, 0.36239
0.04989, -0.15995, 0.36291
0.04919, -0.15970, 0.36342
0.04848, -0.15947, 0.36391
0.04776, -0.15925, 0.36440
0.04702, -0.15905, 0.36487
0.04627, -0.15886, 0.36533
0.04550, -0.15868, 0.36577
0.04472, -0.15852, 0.36620
0.04392, -0.15838, 0.36662
0.04311, -0.15825, 0.36703
0.04229, -0.15814, 0.36742
0.04145, -0.15804, 0.36780
0.04060, -0.15795, 0.36817
0.03973, -0.15789, 0.36852
0.03886, -0.15784, 0.36886
0.03796, -0.15780, 0.36919
0.03706, -0.15778, 0.36950
0.03614, -0.15778, 0.36980
0.03521, -0.15779, 0.37009
0.03426, -0.15782, 0.37036
0.03330, -0.15787, 0.37062
0.03233, -0.15794, 0.37086
0.03134, -0.15802, 0.37109
0.03034, -0.15812, 0.37131
0.02933, -0.15824, 0.37151
0.02831, -0.15837, 0.37170
0.02727, -0.15852, 0.37187
0.02622, -0.15870, 0.37203
0.02516, -0.15889, 0.37218
0.02408, -0.15910, 0.37231
0.02299, -0.15932, 0.37242
0.02189, -0.15957, 0.37252
0.02078, -0.15984, 0.37261
0.01965, -0.16012, 0.37268
0.01852, -0.16043, 0.37274
0.01737, -0.16075, 0.37278
0.01621, -0.16110, 0.37280
0.01503, -0.16147, 0.37281
0.01385, -0.16185, 0.37281
0.01265, -0.16226, 0.37279
0.01144, -0.16269, 0.37275
0.01022, -0.16314, 0.37270
0.00899, -0.16362, 0.37263
0.00775, -0.16411, 0.37254
0.00649, -0.16463, 0.37244
0.00523, -0.16517, 0.37232
0.00395, -0.16574, 0.37219
0.00266, -0.16632, 0.37204
0.00136, -0.16694, 0.37187
0.00005, -0.16757, 0.37168
-0.00127, -0.16823, 0.37148
-0.00260, -0.16892, 0.37126
-0.00394, -0.16963, 0.37102
-0.00529, -0.17036, 0.37077
-0.00665, -0.17112, 0.37050
-0.00802, -0.17191, 0.37020
-0.00941, -0.17273, 0.36990
-0.01080, -0.17357, 0.36957
-0.01220, -0.17444, 0.36922
-0.01361, -0.17534, 0.36886
-0.01503, -0.17626, 0.36847
-0.01646, -0.17722, 0.36807
-0.01790, -0.17821, 0.36764
-0.01934, -0.17922, 0.36720
-0.02080, -0.18027, 0.36674
-0.02226, -0.18134, 0.36625
-0.02374, -0.18245, 0.36575
-0.02522, -0.18359, 0.36523
-0.02670, -0.18477, 0.36468
-0.02820, -0.18597, 0.36411
-0.02970, -0.18721, 0.36353
-0.03121, -0.18849, 0.36292
-0.03273, -0.18980, 0.36228
-0.03425, -0.19115, 0.36163
-0.03578, -0.19253, 0.36095
-0.03731, -0.19395, 0.36025
-0.03885, -0.19541, 0.35953
-0.04039, -0.19691, 0.35878
-0.04194, -0.19845, 0.35801
-0.04349, -0.20003, 0.35722
-0.04505, -0.20165, 0.35640
-0.04661, -0.20331, 0.35556
-0.04817, -0.20502, 0.35469
-0.04973, -0.20677, 0.35379
-0.05130, -0.20857, 0.35287
-0.05287, -0.21041, 0.35192
-0.05443, -0.21230, 0.35094
-0.05600, -0.21424, 0.34994
-0.05756, -0.21623, 0.34891
-0.05912, -0.21827, 0.34785
-0.06068, -0.22037, 0.34676
-0.06224, -0.22252, 0.34564
-0.06379, -0.22472, 0.34450
-0.06533, -0.22698, 0.34332
-0.06687, -0.22930, 0.34211
-0.06840, -0.23168, 0.34087
-0.06992, -0.23412, 0.33959
-0.07142, -0.23662, 0.33829
-0.07292, -0.23919, 0.33695
-0.07440, -0.24183, 0.33557
-0.07586, -0.24454, 0.33417
-0.07731, -0.24731, 0.33272
-0.07873, -0.25016, 0.33125
-0.08014, -0.25309, 0.32973
-0.08151, -0.25610, 0.32818
-0.08286, -0.25918, 0.32659
-0.08418, -0.26235, 0.32496
-0.08546, -0.26561, 0.32329
-0.08670, -0.26895, 0.32158
-0.08790, -0.27238, 0.31983
-0.08906, -0.27591, 0.31805
-0.09016, -0.27954, 0.31622
-0.09121, -0.28327, 0.31434
-0.09219, -0.28710, 0.31243
-0.09310, -0.29104, 0.31047
-0.09394, -0.29509, 0.30847
-0.09469, -0.29926, 0.30643
-0.09535, -0.30354, 0.30435
-0.09590, -0.30794, 0.30222
-0.09635, -0.31247, 0.30006
-0.09666, -0.31712, 0.29785
-0.09684, -0.32191, 0.29561
-0.09686, -0.32682, 0.29333
-0.09671, -0.33187, 0.29102
-0.09638, -0.33704, 0.28869
-0.09584, -0.34235, 0.28633
-0.09508, -0.34778, 0.28395
-0.09406, -0.35334, 0.28157
-0.09278, -0.35901, 0.27919
-0.09120, -0.36478, 0.27682
-0.08930, -0.37064, 0.27448
-0.08705, -0.37656, 0.27218
-0.08444, -0.38253, 0.26994
-0.08145, -0.38851, 0.26778
-0.07805, -0.39447, 0.26573
-0.07425, -0.40036, 0.26380
-0.07005, -0.40615, 0.26203
-0.06544, -0.41179, 0.26042
-0.06046, -0.41723, 0.25900
-0.05513, -0.42243, 0.25779
-0.04948, -0.42736, 0.25680
-0.04357, -0.43198, 0.25602
-0.03743, -0.43628, 0.25547
-0.03112, -0.44023, 0.25514
-0.02468, -0.44384, 0.25502
-0.01816, -0.44711, 0.25510
-0.01159, -0.45004, 0.25536
-0.00502, -0.45264, 0.25580
0.00153, -0.45494, 0.25639
0.00804, -0.45695, 0.25712
0.01448, -0.45869, 0.25797
0.02084, -0.46017, 0.25894
0.02711, -0.46142, 0.26001
0.03327, -0.46246, 0.26116
0.03933, -0.46330, 0.26240
0.04527, -0.46395, 0.26370
0.05110, -0.46444, 0.26506
0.05681, -0.46478, 0.26647
0.06241, -0.46497, 0.26793
0.06788, -0.46504, 0.26942
0.07324, -0.46498, 0.27095
0.07849, -0.46482, 0.27251
0.08363, -0.46456, 0.27409
0.08865, -0.46420, 0.27570
0.09357, -0.46376, 0.27732
0.09838, -0.46324, 0.27896
0.10309, -0.46265, 0.28061
0.10770, -0.46199, 0.28226
0.11221, -0.46127, 0.28393
0.11662, -0.46050, 0.28560
0.12095, -0.45967, 0.28728
0.12518, -0.45879, 0.28895
0.12933, -0.45787, 0.29063
0.13339, -0.45691, 0.29231
0.13736, -0.45590, 0.29399
0.14126, -0.45487, 0.29567
0.14508, -0.45380, 0.29734
0.14882, -0.45270, 0.29901
0.15248, -0.45157, 0.30067
0.15608, -0.45041, 0.30233
0.15960, -0.44923, 0.30398
0.16305, -0.44803, 0.30563
0.16644, -0.44681, 0.30727
0.16976, -0.44556, 0.30890
0.17301, -0.44430, 0.31052
0.17621, -0.44302, 0.31214
0.17934, -0.44173, 0.31375
0.18241, -0.44043, 0.31535
0.18543, -0.43911, 0.31694
0.18838, -0.43777, 0.31852
0.19128, -0.43643, 0.32009
0.19413, -0.43508, 0.32165
0.19692, -0.43372, 0.32321
0.19966, -0.43235, 0.32475
0.20235, -0.43097, 0.32628
0.20499, -0.42959, 0.32780
0.20758, -0.42820, 0.32932
0.21013, -0.42680, 0.33082
0.21262, -0.42540, 0.33231
0.21507, -0.42399, 0.33379
0.21748, -0.42258, 0.33525
0.21984, -0.42117, 0.33671
0.22215, -0.41976, 0.33816
0.22442, -0.41834, 0.33959
0.22666, -0.41692, 0.34102
0.22885, -0.41550, 0.34243
0.23099, -0.41408, 0.34384
0.23310, -0.41265, 0.34523
0.23517, -0.41123, 0.34661
0.23721, -0.40981, 0.34797
0.23920, -0.40839, 0.34933
0.24116, -0.40696, 0.35068
0.24308, -0.40554, 0.35201
0.24496, -0.40412, 0.35333
0.24681, -0.40271, 0.35465
0.24862, -0.40129, 0.35595
0.25040, -0.39988, 0.35723
0.25215, -0.39847, 0.35851
0.25386, -0.39706, 0.35978
0.25554, -0.39565, 0.36103
0.25718, -0.39425, 0.36227
0.25880, -0.39285, 0.36350
0.26038, -0.39145, 0.36472
0.26193, -0.39006, 0.36593
0.26346, -0.38867, 0.36712
0.26495, -0.38729, 0.36831
0.26641, -0.38591, 0.36948
0.26784, -0.38453, 0.37064
0.26924, -0.38316, 0.37179
0.27062, -0.38180, 0.37293
0.27196, -0.38044, 0.37405
0.27328, -0.37908, 0.37517
0.27457, -0.37773, 0.37627
0.27583, -0.37638, 0.37736
0.27707, -0.37504, 0.37844
0.27828, -0.37371, 0.37951
0.27946, -0.37238, 0.38057
0.28062, -0.37106, 0.38161
0.28175, -0.36974, 0.38265
0.28286, -0.36843, 0.38367
0.28394, -0.36713, 0.38468
0.28499, -0.36583, 0.38567
0.28602, -0.36454, 0.38666
0.28703, -0.36326, 0.38764
0.28801, -0.36198, 0.38860
0.28897, -0.36071, 0.38955
0.28991, -0.35944, 0.39049
0.29082, -0.35819, 0.39142
0.29171, -0.35694, 0.39233
0.29258, -0.35570, 0.39324
0.29342, -0.35446, 0.39413
0.29424, -0.35324, 0.39501
0.29504, -0.35202, 0.39588
0.29582, -0.35080, 0.39674
0.29657, -0.34960, 0.39759
0.29730, -0.34840, 0.39842
0.29802, -0.34722, 0.39925
0.29871, -0.34604, 0.40006
0.29938, -0.34486, 0.40086
0.30003, -0.34370, 0.40164
0.30065, -0.34255, 0.40242
0.30126, -0.34140, 0.40318
0.30185, -0.34026, 0.40394
