-1.00000, -0.00080, 0.00070
-0.99995, -0.00880, 0.00770
-0.99982, -0.01680, 0.01470
-0.99962, -0.02480, 0.02170
-0.99933, -0.03280, 0.02869
-0.99896, -0.04079, 0.03568
-0.99851, -0.04879, 0.04267
-0.99799, -0.05679, 0.04966
-0.99738, -0.06478, 0.05664
-0.99670, -0.07277, 0.06361
-0.99593, -0.08076, 0.07058
-0.99509, -0.08875, 0.07754
-0.99417, -0.09673, 0.08450
-0.99317, -0.10471, 0.09144
-0.99209, -0.11269, 0.09838
-0.99094, -0.12066, 0.10531
-0.98971, -0.12863, 0.11222
-0.98840, -0.13660, 0.11913
-0.98701, -0.14456, 0.12603
-0.98555, -0.15252, 0.13291
-0.98402, -0.16047, 0.13979
-0.98241, -0.16842, 0.14665
-0.98072, -0.17636, 0.15349
-0.97896, -0.18430, 0.16033
-0.97713, -0.19223, 0.16715
-0.97522, -0.20016, 0.17395
-0.97324, -0.20808, 0.18074
-0.97119, -0.21599, 0.18752
-0.96906, -0.22390, 0.19428
-0.96687, -0.23180, 0.20102
-0.96460, -0.23969, 0.20775
-0.96226, -0.24758, 0.21446
-0.95986, -0.25546, 0.22115
-0.95738, -0.26332, 0.22783
-0.95483, -0.27119, 0.23449
-0.95222, -0.27904, 0.24113
-0.94954, -0.28688, 0.24775
-0.94679, -0.29471, 0.25435
-0.94397, -0.30254, 0.26094
-0.94109, -0.31035, 0.26751
-0.93814, -0.31816, 0.27405
-0.93513, -0.32595, 0.28058
-0.93205, -0.33374, 0.28709
-0.92890, -0.34151, 0.29358
-0.92570, -0.34927, 0.30005
-0.92243, -0.35703, 0.30650
-0.91909, -0.36477, 0.31293
-0.91569, -0.37249, 0.31933
-0.91223, -0.38021, 0.32572
-0.90871, -0.38791, 0.33209
-0.90513, -0.39560, 0.33843
-0.90149, -0.40328, 0.34476
-0.89778, -0.41094, 0.35106
-0.89402, -0.41859, 0.35735
-0.89020, -0.42623, 0.36361
-0.88631, -0.43385, 0.36985
-0.88237, -0.44146, 0.37606
-0.87837, -0.44905, 0.38226
-0.87432, -0.45663, 0.38844
-0.87020, -0.46419, 0.39459
-0.86603, -0.47174, 0.40072
-0.86180, -0.47927, 0.40683
-0.85751, -0.48679, 0.41292
-0.85317, -0.49429, 0.41898
-0.84878, -0.50177, 0.42502
-0.84432, -0.50923, 0.43104
-0.83982, -0.51668, 0.43704
-0.83525, -0.52411, 0.44301
-0.83064, -0.53152, 0.44897
-0.82597, -0.53892, 0.45489
-0.82125, -0.54629, 0.46080
-0.81647, -0.55365, 0.46668
-0.81164, -0.56099, 0.47255
-0.80676, -0.56831, 0.47838
-0.80183, -0.57561, 0.48420
-0.79684, -0.58289, 0.48999
-0.79180, -0.59015, 0.49576
-0.78672, -0.59739, 0.50150
-0.78158, -0.60461, 0.50722
-0.77639, -0.61181, 0.51292
-0.77115, -0.61898, 0.51860
-0.76586, -0.62614, 0.52425
-0.76052, -0.63327, 0.52987
-0.75514, -0.64039, 0.53548
-0.74970, -0.64747, 0.54106
-0.74422, -0.65454, 0.54661
-0.73869, -0.66159, 0.55215
-0.73311, -0.66861, 0.55765
-0.72748, -0.67561, 0.56314
-0.72180, -0.68258, 0.56860
-0.71608, -0.68953, 0.57403
-0.71032, -0.69646, 0.57944
-0.70450, -0.70336, 0.58483
-0.69864, -0.71024, 0.59019
-0.69274, -0.71709, 0.59553
-0.68679, -0.72392, 0.60084
-0.68079, -0.73072, 0.60613
-0.67475, -0.73749, 0.61140
-0.66866, -0.74424, 0.61663
-0.66254, -0.75097, 0.62185
-0.65636, -0.75766, 0.62704
-0.65015, -0.76434, 0.63220
-0.64389, -0.77098, 0.63734
-0.63759, -0.77760, 0.64245
-0.63124, -0.78419, 0.64754
-0.62486, -0.79075, 0.65261
-0.61843, -0.79728, 0.65764
-0.61196, -0.80379, 0.66265
-0.60545, -0.81026, 0.66764
-0.59890, -0.81671, 0.67260
-0.59230, -0.82313, 0.67754
-0.58567, -0.82952, 0.68245
-0.57900, -0.83589, 0.68733
-0.57229, -0.84222, 0.69219
-0.56554, -0.84852, 0.69702
-0.55874, -0.85479, 0.70182
-0.55192, -0.86104, 0.70660
-0.54505, -0.86725, 0.71135
-0.53814, -0.87343, 0.71608
-0.53120, -0.87958, 0.72078
-0.52422, -0.88570, 0.72545
-0.51720, -0.89179, 0.73010
-0.51015, -0.89784, 0.73471
-0.50306, -0.90387, 0.73931
-0.49593, -0.90986, 0.74387
-0.48877, -0.91582, 0.74841
-0.48157, -0.92175, 0.75292
-0.47434, -0.92765, 0.75741
-0.46707, -0.93351, 0.76186
-0.45977, -0.93935, 0.76629
-0.45243, -0.94515, 0.77070
-0.44506, -0.95091, 0.77507
-0.43766, -0.95664, 0.77942
-0.43022, -0.96234, 0.78374
-0.42275, -0.96801, 0.78803
-0.41525, -0.97364, 0.79230
-0.40772, -0.97924, 0.79653
-0.40015, -0.98480, 0.80074
-0.39256, -0.99033, 0.80492
-0.38493, -0.99582, 0.80908
-0.37727, -1.00128, 0.81320
-0.36958, -1.00671, 0.81730
-0.36186, -1.01210, 0.82137
-0.35412, -1.01746, 0.82541
-0.34634, -1.02278, 0.82942
-0.33853, -1.02806, 0.83340
-0.33070, -1.03331, 0.83736
-0.32283, -1.03853, 0.84128
-0.31494, -1.04371, 0.84518
-0.30702, -1.04885, 0.84905
-0.29907, -1.05396, 0.85289
-0.29110, -1.05903, 0.85670
-0.28310, -1.06407, 0.86049
-0.27507, -1.06906, 0.86424
-0.26702, -1.07403, 0.86797
-0.25894, -1.07895, 0.87166
-0.25084, -1.08384, 0.87533
-0.24271, -1.08870, 0.87897
-0.23456, -1.09351, 0.88258
-0.22638, -1.09829, 0.88615
-0.21818, -1.10304, 0.88970
-0.20996, -1.10774, 0.89323
-0.20171, -1.11241, 0.89672
-0.19344, -1.11705, 0.90018
-0.18515, -1.12164, 0.90361
-0.17683, -1.12620, 0.90701
-0.16850, -1.13072, 0.91039
-0.16014, -1.13520, 0.91373
-0.15176, -1.13965, 0.91705
-0.14336, -1.14406, 0.92033
-0.13494, -1.14843, 0.92359
-0.12650, -1.15276, 0.92681
-0.11804, -1.15706, 0.93001
-0.10956, -1.16132, 0.93317
-0.10106, -1.16554, 0.93631
-0.09254, -1.16972, 0.93941
-0.08400, -1.17387, 0.94249
-0.07545, -1.17797, 0.94554
-0.06688, -1.18204, 0.94855
-0.05829, -1.18608, 0.95154
-0.04968, -1.19007, 0.95450
-0.04106, -1.19403, 0.95742
-0.03242, -1.19794, 0.96032
-0.02376, -1.20182, 0.96319
-0.01509, -1.20567, 0.96602
-0.00640, -1.20947, 0.96883
0.00230, -1.21324, 0.97160
0.01101, -1.21697, 0.97435
0.01975, -1.22066, 0.97707
0.02849, -1.22431, 0.97975
0.03725, -1.22792, 0.98241
0.04602, -1.23150, 0.98504
0.05481, -1.23504, 0.98763
0.06361, -1.23854, 0.99020
0.07242, -1.24200, 0.99273
0.08125, -1.24543, 0.99524
0.09008, -1.24882, 0.99771
0.09893, -1.25217, 1.00016
0.10779, -1.25548, 1.00257
0.11666, -1.25875, 1.00496
0.12554, -1.26199, 1.00731
0.13443, -1.26519, 1.00964
0.14333, -1.26835, 1.01193
0.15224, -1.27147, 1.01420
0.16116, -1.27455, 1.01643
0.17009, -1.27760, 1.01864
0.17903, -1.28061, 1.02081
0.18798, -1.28359, 1.02296
0.19694, -1.28652, 1.02507
0.20590, -1.28942, 1.02716
0.21487, -1.29228, 1.02921
0.22385, -1.29510, 1.03124
0.23284, -1.29789, 1.03323
0.24183, -1.30064, 1.03520
0.25083, -1.30335, 1.03713
0.25984, -1.30602, 1.03904
0.26885, -1.30866, 1.04091
0.27787, -1.31126, 1.04276
0.28690, -1.31382, 1.04458
0.29593, -1.31635, 1.04636
0.30496, -1.31884, 1.04812
0.31400, -1.32129, 1.04985
0.32305, -1.32370, 1.05154
0.33210, -1.32608, 1.05321
0.34115, -1.32843, 1.05485
0.35021, -1.33073, 1.05646
0.35927, -1.33300, 1.05804
0.36833, -1.33523, 1.05959
0.37739, -1.33743, 1.06111
0.38646, -1.33959, 1.06260
0.39553, -1.34172, 1.06406
0.40461, -1.34380, 1.06550
0.41368, -1.34586, 1.06690
0.42276, -1.34787, 1.06827
0.43184, -1.34985, 1.06962
0.44092, -1.35180, 1.07094
0.45000, -1.35371, 1.07222
0.45908, -1.35558, 1.07348
0.46817, -1.35742, 1.07471
0.47725, -1.35922, 1.07591
0.48633, -1.36098, 1.07708
0.49542, -1.36272, 1.07823
0.50450, -1.36441, 1.07934
0.51358, -1.36607, 1.08043
0.52266, -1.36770, 1.08148
0.53175, -1.36929, 1.08251
0.54082, -1.37085, 1.08351
0.54990, -1.37237, 1.08448
0.55898, -1.37385, 1.08543
0.56805, -1.37531, 1.08634
0.57713, -1.37672, 1.08723
0.58620, -1.37811, 1.08808
0.59527, -1.37945, 1.08891
0.60433, -1.38077, 1.08972
0.61339, -1.38205, 1.09049
0.62245, -1.38329, 1.09124
0.63151, -1.38451, 1.09196
0.64056, -1.38568, 1.09265
0.64961, -1.38683, 1.09331
0.65866, -1.38794, 1.09394
0.66770, -1.38901, 1.09455
0.67674, -1.39006, 1.09513
0.68577, -1.39107, 1.09568
0.69480, -1.39204, 1.09621
0.70382, -1.39298, 1.09670
0.71284, -1.39389, 1.09717
0.72185, -1.39477, 1.09762
0.73086, -1.39561, 1.09803
0.73987, -1.39642, 1.09842
0.74886, -1.39720, 1.09878
0.75785, -1.39794, 1.09912
0.76684, -1.39866, 1.09943
0.77582, -1.39934, 1.09971
0.78479, -1.39998, 1.09996
0.79376, -1.40060, 1.10019
0.80272, -1.40118, 1.10039
0.81167, -1.40173, 1.10056
0.82062, -1.40224, 1.10071
0.82956, -1.40273, 1.10083
0.83849, -1.40318, 1.10093
0.84741, -1.40360, 1.10100
0.85633, -1.40399, 1.10104
0.86524, -1.40435, 1.10106
0.87414, -1.40468, 1.10105
0.88303, -1.40497, 1.10102
0.89192, -1.40523, 1.10096
0.90079, -1.40547, 1.10087
0.90966, -1.40567, 1.10076
0.91852, -1.40584, 1.10062
0.92737, -1.40597, 1.10046
0.93621, -1.40608, 1.10027
0.94504, -1.40616, 1.10006
0.95386, -1.40620, 1.09982
0.96268, -1.40622, 1.09956
0.97148, -1.40620, 1.09927
0.98027, -1.40615, 1.09896
0.98906, -1.40608, 1.09862
0.99783, -1.40597, 1.09825
1.00659, -1.40583, 1.09787
1.01535, -1.40566, 1.09745
1.02409, -1.40546, 1.09702
1.03282, -1.40523, 1.09656
1.04154, -1.40497, 1.09607
1.05025, -1.40469, 1.09556
1.05895, -1.40437, 1.09503
1.06764, -1.40402, 1.09447
1.07632, -1.40364, 1.09389
1.08498, -1.40323, 1.09328
1.09364, -1.40280, 1.09265
1.10228, -1.40233, 1.09200
1.11091, -1.40184, 1.09132
1.11953, -1.40131, 1.09062
1.12814, -1.40076, 1.08990
1.13673, -1.40017, 1.08915
1.14532, -1.39956, 1.08838
1.15389, -1.39892, 1.08758
1.16244, -1.39825, 1.08677
1.17099, -1.39755, 1.08593
1.17952, -1.39683, 1.08506
1.18804, -1.39607, 1.08418
1.19655, -1.39529, 1.08327
1.20504, -1.39447, 1.08234
1.21352, -1.39363, 1.08139
1.22198, -1.39276, 1.08041
1.23044, -1.39187, 1.07941
1.23888, -1.39094, 1.07839
1.24730, -1.38999, 1.07735
1.25571, -1.38901, 1.07629
1.26411, -1.38800, 1.07520
1.27249, -1.38697, 1.07409
1.28086, -1.38590, 1.07297
1.28922, -1.38481, 1.07181
1.29756, -1.38369, 1.07064
1.30588, -1.38255, 1.06945
1.31419, -1.38138, 1.06823
1.32249, -1.38018, 1.06700
1.33077, -1.37895, 1.06574
1.33904, -1.37769, 1.06446
1.34729, -1.37641, 1.06316
1.35553, -1.37511, 1.06184
1.36375, -1.37377, 1.06050
1.37195, -1.37241, 1.05914
1.38014, -1.37103, 1.05775
1.38832, -1.36961, 1.05635
1.39648, -1.36817, 1.05493
1.40462, -1.36671, 1.05348
1.41275, -1.36521, 1.05202
1.42086, -1.36370, 1.05054
1.42895, -1.36215, 1.04903
1.43703, -1.36058, 1.04751
1.44509, -1.35899, 1.04597
1.45314, -1.35737, 1.04440
1.46117, -1.35572, 1.04282
1.46918, -1.35405, 1.04122
1.47718, -1.35235, 1.03960
1.48516, -1.35063, 1.03796
1.49312, -1.34888, 1.03630
1.50106, -1.34711, 1.03462
1.50899, -1.34531, 1.03292
1.51690, -1.34349, 1.03121
1.52479, -1.34164, 1.02947
1.53267, -1.33977, 1.02772
1.54053, -1.33787, 1.02594
1.54837, -1.33595, 1.02415
1.55619, -1.33401, 1.02234
1.56400, -1.33204, 1.02052
1.57179, -1.33004, 1.01867
1.57956, -1.32803, 1.01681
1.58731, -1.32598, 1.01493
1.59504, -1.32392, 1.01303
1.60276, -1.32183, 1.01111
1.61046, -1.31972, 1.00918
1.61814, -1.31758, 1.00722
1.62580, -1.31542, 1.00525
1.63344, -1.31324, 1.00327
1.64106, -1.31103, 1.00126
1.64867, -1.30880, 0.99924
1.65626, -1.30655, 0.99720
1.66382, -1.30427, 0.99515
1.67137, -1.30197, 0.99307
1.67890, -1.29965, 0.99099
1.68641, -1.29731, 0.98888
1.69390, -1.29494, 0.98676
1.70138, -1.29255, 0.98462
1.70883, -1.29014, 0.98246
1.71626, -1.28771, 0.98029
1.72368, -1.28525, 0.97810
1.73107, -1.28277, 0.97590
1.73845, -1.28027, 0.97368
1.74581, -1.27775, 0.97144
1.75314, -1.27521, 0.96919
1.76046, -1.27264, 0.96692
1.76776, -1.27006, 0.96464
1.77503, -1.26745, 0.96234
1.78229, -1.26482, 0.96003
1.78953, -1.26217, 0.95770
1.79674, -1.25950, 0.95535
1.80394, -1.25681, 0.95299
1.81112, -1.25409, 0.95062
1.81827, -1.25136, 0.94823
1.82541, -1.24860, 0.94582
1.83253, -1.24583, 0.94340
1.83962, -1.24303, 0.94097
1.84670, -1.24022, 0.93852
1.85375, -1.23738, 0.93606
1.86078, -1.23453, 0.93358
1.86780, -1.23165, 0.93108
1.87479, -1.22875, 0.92858
1.88176, -1.22584, 0.92606
1.88871, -1.22290, 0.92352
1.89564, -1.21995, 0.92097
1.90255, -1.21697, 0.91841
1.90944, -1.21398, 0.91583
1.91630, -1.21097, 0.91324
1.92315, -1.20793, 0.91064
1.92998, -1.20488, 0.90802
1.93678, -1.20181, 0.90539
1.94356, -1.19872, 0.90274
1.95032, -1.19561, 0.90008
1.95706, -1.19249, 0.89741
1.96378, -1.18934, 0.89473
1.97048, -1.18618, 0.89203
1.97715, -1.18300, 0.88932
1.98381, -1.17980, 0.88659
1.99044, -1.17658, 0.88386
1.99705, -1.17335, 0.88111
2.00364, -1.17009, 0.87835
2.01020, -1.16682, 0.87557
2.01675, -1.16353, 0.87278
2.02327, -1.16023, 0.86998
2.02978, -1.15690, 0.86717
2.03626, -1.15356, 0.86435
2.04271, -1.15020, 0.86151
2.04915, -1.14683, 0.85866
2.05556, -1.14343, 0.85580
2.06196, -1.14003, 0.85293
2.06833, -1.13660, 0.85004
2.07468, -1.13316, 0.84714
2.08100, -1.12970, 0.84423
2.08730, -1.12622, 0.84131
2.09359, -1.12273, 0.83838
2.09985, -1.11922, 0.83544
2.10608, -1.11570, 0.83248
2.11230, -1.11216, 0.82952
2.11849, -1.10860, 0.82654
2.12466, -1.10503, 0.82355
2.13081, -1.10144, 0.82055
2.13693, -1.09784, 0.81753
2.14303, -1.09422, 0.81451
2.14911, -1.09058, 0.81148
2.15517, -1.08693, 0.80843
2.16121, -1.08327, 0.80537
2.16722, -1.07959, 0.80231
2.17321, -1.07589, 0.79923
2.17917, -1.07218, 0.79614
2.18512, -1.06846, 0.79304
2.19104, -1.06472, 0.78993
2.19694, -1.06096, 0.78681
2.20281, -1.05719, 0.78368
2.20867, -1.05341, 0.78054
2.21450, -1.04961, 0.77739
2.22030, -1.04580, 0.77422
2.22609, -1.04198, 0.77105
2.23185, -1.03814, 0.76787
2.23759, -1.03428, 0.76467
2.24330, -1.03042, 0.76147
2.24899, -1.02653, 0.75826
2.25466, -1.02264, 0.75504
2.26031, -1.01873, 0.75180
2.26593, -1.01481, 0.74856
2.27153, -1.01088, 0.74531
2.27711, -1.00693, 0.74204
2.28266, -1.00297, 0.73877
2.28819, -0.99899, 0.73549
2.29369, -0.99500, 0.73220
2.29918, -0.99100, 0.72890
2.30464, -0.98699, 0.72559
2.31007, -0.98297, 0.72227
2.31548, -0.97893, 0.71894
2.32087, -0.97488, 0.71560
2.32624, -0.97081, 0.71225
2.33158, -0.96674, 0.70889
2.33690, -0.96265, 0.70552
2.34220, -0.95855, 0.70215
2.34747, -0.95444, 0.69876
2.35271, -0.95032, 0.69537
2.35794, -0.94618, 0.69196
2.36314, -0.94203, 0.68855
2.36831, -0.93788, 0.68513
2.37347, -0.93370, 0.68170
2.37860, -0.92952, 0.67826
2.38370, -0.92533, 0.67481
2.38878, -0.92112, 0.67136
2.39384, -0.91691, 0.66789
2.39887, -0.91268, 0.66441
2.40388, -0.90844, 0.66093
2.40887, -0.90419, 0.65744
2.41383, -0.89993, 0.65394
2.41876, -0.89566, 0.65043
2.42368, -0.89138, 0.64691
2.42857, -0.88708, 0.64339
2.43343, -0.88278, 0.63985
2.43827, -0.87847, 0.63631
2.44309, -0.87414, 0.63276
2.44788, -0.86981, 0.62920
2.45265, -0.86546, 0.62563
2.45739, -0.86110, 0.62206
2.46211, -0.85674, 0.61847
2.46680, -0.85236, 0.61488
2.47147, -0.84797, 0.61128
2.47612, -0.84358, 0.60767
2.48074, -0.83917, 0.60405
2.48533, -0.83475, 0.60043
2.48990, -0.83033, 0.59680
2.49445, -0.82589, 0.59316
2.49897, -0.82145, 0.58951
2.50347, -0.81699, 0.58585
2.50794, -0.81252, 0.58219
2.51239, -0.80805, 0.57852
2.51681, -0.80357, 0.57484
2.52121, -0.79907, 0.57115
2.52558, -0.79457, 0.56746
2.52993, -0.79006, 0.56376
2.53425, -0.78553, 0.56005
2.53855, -0.78100, 0.55633
2.54282, -0.77646, 0.55261
2.54707, -0.77191, 0.54887
2.55129, -0.76736, 0.54514
2.55549, -0.76279, 0.54139
2.55966, -0.75821, 0.53764
2.56381, -0.75363, 0.53388
2.56793, -0.74903, 0.53011
2.57203, -0.74443, 0.52633
2.57610, -0.73982, 0.52255
2.58014, -0.73520, 0.51876
2.58416, -0.73057, 0.51497
2.58816, -0.72593, 0.51117
2.59213, -0.72128, 0.50736
2.59607, -0.71663, 0.50354
2.59999, -0.71197, 0.49972
2.60388, -0.70729, 0.49589
2.60775, -0.70261, 0.49206
2.61159, -0.69793, 0.48822
2.61541, -0.69323, 0.48437
2.61920, -0.68852, 0.48051
2.62296, -0.68381, 0.47665
2.62670, -0.67909, 0.47279
2.63042, -0.67436, 0.46891
2.63411, -0.66962, 0.46503
2.63777, -0.66487, 0.46115
2.64141, -0.66012, 0.45726
2.64502, -0.65536, 0.45336
2.64860, -0.65059, 0.44946
2.65216, -0.64581, 0.44555
2.65570, -0.64102, 0.44164
2.65921, -0.63623, 0.43772
2.66269, -0.63143, 0.43380
2.66615, -0.62662, 0.42987
2.66958, -0.62180, 0.42593
2.67298, -0.61698, 0.42199
2.67637, -0.61215, 0.41805
2.67972, -0.60731, 0.41410
2.68305, -0.60246, 0.41014
2.68636, -0.59761, 0.40618
2.68963, -0.59275, 0.40222
2.69289, -0.58788, 0.39825
2.69612, -0.58300, 0.39427
2.69932, -0.57812, 0.39029
2.70250, -0.57323, 0.38631
2.70565, -0.56833, 0.38232
2.70877, -0.56343, 0.37833
2.71188, -0.55852, 0.37433
2.71495, -0.55360, 0.37033
2.71800, -0.54868, 0.36633
2.72103, -0.54375, 0.36232
2.72403, -0.53881, 0.35830
2.72700, -0.53387, 0.35429
2.72995, -0.52892, 0.35027
2.73288, -0.52396, 0.34624
2.73578, -0.51900, 0.34221
2.73866, -0.51403, 0.33818
2.74151, -0.50905, 0.33414
2.74433, -0.50407, 0.33010
2.74713, -0.49909, 0.32606
2.74991, -0.49409, 0.32201
2.75266, -0.48909, 0.31796
2.75538, -0.48409, 0.31391
2.75809, -0.47908, 0.30985
2.76076, -0.47406, 0.30579
2.76341, -0.46904, 0.30173
2.76604, -0.46402, 0.29766
2.76864, -0.45899, 0.29359
2.77122, -0.45395, 0.28952
2.77378, -0.44891, 0.28545
2.77630, -0.44386, 0.28137
2.77881, -0.43881, 0.27729
2.78129, -0.43375, 0.27320
2.78374, -0.42869, 0.26911
2.78617, -0.42362, 0.26502
2.78858, -0.41855, 0.26093
2.79096, -0.41347, 0.25684
2.79332, -0.40839, 0.25274
2.79565, -0.40331, 0.24864
2.79796, -0.39822, 0.24453
2.80025, -0.39312, 0.24043
2.80251, -0.38802, 0.23632
2.80474, -0.38292, 0.23221
2.80695, -0.37782, 0.22809
2.80914, -0.37271, 0.22398
2.81130, -0.36759, 0.21986
2.81344, -0.36247, 0.21574
2.81555, -0.35735, 0.21162
2.81764, -0.35223, 0.20749
2.81971, -0.34710, 0.20336
2.82175, -0.34196, 0.19923
2.82376, -0.33683, 0.19510
2.82575, -0.33169, 0.19097
2.82772, -0.32654, 0.18683
2.82966, -0.32140, 0.18269
2.83158, -0.31625, 0.17856
2.83348, -0.31110, 0.17441
2.83535, -0.30594, 0.17027
2.83719, -0.30078, 0.16612
2.83901, -0.29562, 0.16198
2.84081, -0.29045, 0.15783
2.84258, -0.28529, 0.15368
2.84433, -0.28012, 0.14952
2.84605, -0.27494, 0.14537
2.84775, -0.26977, 0.14121
2.84943, -0.26459, 0.13705
2.85108, -0.25941, 0.13290
2.85270, -0.25423, 0.12873
2.85430, -0.24904, 0.12457
2.85588, -0.24385, 0.12041
2.85743, -0.23866, 0.11624
2.85896, -0.23347, 0.11208
2.86046, -0.22828, 0.10791
2.86194, -0.22308, 0.10374
2.86340, -0.21788, 0.09957
2.86483, -0.21268, 0.09540
2.86623, -0.20748, 0.09122
2.86761, -0.20228, 0.08705
2.86897, -0.19707, 0.08287
2.87030, -0.19187, 0.07870
2.87161, -0.18666, 0.07452
2.87289, -0.18145, 0.07034
2.87415, -0.17623, 0.06616
2.87538, -0.17102, 0.06198
2.87659, -0.16581, 0.05780
2.87777, -0.16059, 0.05362
2.87893, -0.15537, 0.04944
2.88006, -0.15015, 0.04525
2.88117, -0.14493, 0.04107
2.88226, -0.13971, 0.03688
2.88332, -0.13449, 0.03270
2.88435, -0.12927, 0.02851
2.88536, -0.12404, 0.02433
2.88635, -0.11882, 0.02014
2.88731, -0.11359, 0.01595
2.88825, -0.10836, 0.01176
2.88916, -0.10314, 0.00758
2.89004, -0.09791, 0.00339
2.89091, -0.09268, -0.00080
2.89174, -0.08745, -0.00499
2.89255, -0.08222, -0.00918
2.89334, -0.07699, -0.01337
2.89410, -0.07176, -0.01755
2.89484, -0.06653, -0.02174
2.89555, -0.06129, -0.02593
2.89624, -0.05606, -0.03012
2.89691, -0.05083, -0.03431
2.89754, -0.04560, -0.03850
2.89816, -0.04036, -0.04268
2.89874, -0.03513, -0.04687
2.89931, -0.02990, -0.05106
2.89985, -0.02466, -0.05525
2.90036, -0.01943, -0.05943
2.90085, -0.01420, -0.06362
2.90131, -0.00896, -0.06780
2.90175, -0.00373, -0.07199
2.90217, 0.00150, -0.07617
2.90255, 0.00673, -0.08036
2.90292, 0.01196, -0.08454
2.90326, 0.01720, -0.08872
2.90357, 0.02243, -0.09290
2.90386, 0.02766, -0.09708
2.90413, 0.03289, -0.10126
2.90437, 0.03812, -0.10544
2.90458, 0.04335, -0.10961
2.90477, 0.04857, -0.11379
2.90493, 0.05380, -0.11796
2.90507, 0.05903, -0.12214
2.90519, 0.06425, -0.12631
2.90528, 0.06948, -0.13048
2.90534, 0.07470, -0.13465
2.90538, 0.07993, -0.13882
2.90540, 0.08515, -0.14298
2.90539, 0.09037, -0.14715
2.90536, 0.09559, -0.15131
2.90530, 0.10081, -0.15547
2.90521, 0.10603, -0.15963
2.90510, 0.11125, -0.16379
2.90497, 0.11646, -0.16795
2.90481, 0.12168, -0.17210
2.90463, 0.12689, -0.17625
2.90442, 0.13210, -0.18041
2.90419, 0.13731, -0.18455
2.90393, 0.14252, -0.18870
2.90365, 0.14773, -0.19285
2.90334, 0.15293, -0.19699
2.90301, 0.15814, -0.20113
2.90265, 0.16334, -0.20527
2.90227, 0.16854, -0.20940
2.90186, 0.17374, -0.21354
2.90143, 0.17893, -0.21767
2.90098, 0.18413, -0.22180
2.90050, 0.18932, -0.22592
2.89999, 0.19452, -0.23005
2.89946, 0.19970, -0.23417
2.89891, 0.20489, -0.23829
2.89833, 0.21008, -0.24240
2.89773, 0.21526, -0.24651
2.89710, 0.22044, -0.25062
2.89645, 0.22562, -0.25473
2.89577, 0.23080, -0.25884
2.89507, 0.23597, -0.26294
2.89434, 0.24115, -0.26704
2.89359, 0.24632, -0.27113
2.89282, 0.25148, -0.27523
2.89202, 0.25665, -0.27931
2.89120, 0.26181, -0.28340
2.89035, 0.26697, -0.28748
2.88948, 0.27213, -0.29156
2.88858, 0.27728, -0.29564
2.88766, 0.28244, -0.29971
2.88671, 0.28759, -0.30378
2.88575, 0.29273, -0.30785
2.88475, 0.29788, -0.31191
2.88373, 0.30302, -0.31597
2.88269, 0.30816, -0.32003
2.88163, 0.31329, -0.32408
2.88054, 0.31843, -0.32813
2.87942, 0.32356, -0.33217
2.87828, 0.32868, -0.33621
2.87712, 0.33381, -0.34025
2.87593, 0.33893, -0.34429
2.87472, 0.34404, -0.34831
2.87349, 0.34916, -0.35234
2.87223, 0.35427, -0.35636
2.87095, 0.35938, -0.36038
2.86964, 0.36448, -0.36439
2.86831, 0.36958, -0.36840
2.86696, 0.37468, -0.37241
2.86558, 0.37977, -0.37641
2.86418, 0.38486, -0.38041
2.86275, 0.38995, -0.38440
2.86130, 0.39503, -0.38839
2.85983, 0.40011, -0.39237
2.85833, 0.40519, -0.39635
2.85681, 0.41026, -0.40033
2.85527, 0.41533, -0.40430
2.85370, 0.42040, -0.40826
2.85211, 0.42546, -0.41223
2.85049, 0.43051, -0.41618
2.84886, 0.43557, -0.42013
2.84720, 0.44062, -0.42408
2.84551, 0.44566, -0.42803
2.84380, 0.45070, -0.43196
2.84207, 0.45574, -0.43590
2.84032, 0.46077, -0.43983
2.83854, 0.46580, -0.44375
2.83674, 0.47082, -0.44767
2.83491, 0.47584, -0.45158
2.83306, 0.48086, -0.45549
2.83119, 0.48587, -0.45940
2.82930, 0.49088, -0.46330
2.82738, 0.49588, -0.46719
2.82544, 0.50088, -0.47108
2.82348, 0.50587, -0.47496
2.82149, 0.51086, -0.47884
2.81948, 0.51585, -0.48272
2.81745, 0.52083, -0.48658
2.81539, 0.52580, -0.49045
2.81331, 0.53077, -0.49430
2.81121, 0.53574, -0.49816
2.80909, 0.54070, -0.50200
2.80694, 0.54565, -0.50585
2.80477, 0.55060, -0.50968
2.80258, 0.55555, -0.51351
2.80036, 0.56049, -0.51734
2.79813, 0.56543, -0.52116
2.79587, 0.57036, -0.52497
2.79358, 0.57528, -0.52878
2.79128, 0.58020, -0.53258
2.78895, 0.58512, -0.53638
2.78660, 0.59003, -0.54017
2.78423, 0.59493, -0.54396
2.78183, 0.59983, -0.54774
2.77941, 0.60472, -0.55151
2.77697, 0.60961, -0.55528
2.77451, 0.61449, -0.55904
2.77203, 0.61937, -0.56280
2.76952, 0.62424, -0.56655
2.76699, 0.62911, -0.57029
2.76444, 0.63397, -0.57403
2.76186, 0.63882, -0.57776
2.75927, 0.64367, -0.58149
2.75665, 0.64851, -0.58521
2.75401, 0.65335, -0.58893
2.75135, 0.65818, -0.59263
2.74867, 0.66301, -0.59634
2.74596, 0.66783, -0.60003
2.74323, 0.67264, -0.60372
2.74048, 0.67744, -0.60741
2.73771, 0.68224, -0.61108
2.73492, 0.68704, -0.61475
2.73210, 0.69183, -0.61842
2.72927, 0.69661, -0.62208
2.72641, 0.70138, -0.62573
2.72353, 0.70615, -0.62937
2.72062, 0.71091, -0.63301
2.71770, 0.71567, -0.63665
2.71475, 0.72042, -0.64027
2.71179, 0.72516, -0.64389
2.70880, 0.72990, -0.64750
2.70579, 0.73463, -0.65111
2.70276, 0.73935, -0.65471
2.69970, 0.74406, -0.65830
2.69663, 0.74877, -0.66189
2.69353, 0.75347, -0.66547
2.69042, 0.75817, -0.66904
2.68728, 0.76286, -0.67261
2.68412, 0.76754, -0.67617
2.68094, 0.77221, -0.67972
2.67773, 0.77687, -0.68327
2.67451, 0.78153, -0.68681
2.67127, 0.78619, -0.69034
2.66800, 0.79083, -0.69386
2.66471, 0.79547, -0.69738
2.66140, 0.80009, -0.70089
2.65808, 0.80472, -0.70440
2.65473, 0.80933, -0.70790
2.65135, 0.81394, -0.71139
2.64796, 0.81854, -0.71487
2.64455, 0.82313, -0.71835
2.64111, 0.82771, -0.72182
2.63766, 0.83229, -0.72528
2.63418, 0.83685, -0.72873
2.63069, 0.84141, -0.73218
2.62717, 0.84596, -0.73562
2.62363, 0.85051, -0.73905
2.62007, 0.85504, -0.74248
2.61649, 0.85957, -0.74590
2.61289, 0.86409, -0.74931
2.60927, 0.86860, -0.75271
2.60563, 0.87310, -0.75611
2.60196, 0.87759, -0.75950
2.59828, 0.88208, -0.76288
2.59458, 0.88655, -0.76625
2.59085, 0.89102, -0.76962
2.58711, 0.89548, -0.77298
2.58334, 0.89993, -0.77633
2.57955, 0.90437, -0.77967
2.57575, 0.90880, -0.78301
2.57192, 0.91323, -0.78633
2.56807, 0.91764, -0.78965
2.56421, 0.92205, -0.79297
2.56032, 0.92644, -0.79627
2.55641, 0.93083, -0.79957
2.55248, 0.93521, -0.80286
2.54853, 0.93958, -0.80614
2.54456, 0.94394, -0.80941
2.54057, 0.94829, -0.81268
2.53656, 0.95263, -0.81593
2.53253, 0.95696, -0.81918
2.52848, 0.96128, -0.82242
2.52441, 0.96559, -0.82566
2.52032, 0.96989, -0.82888
2.51621, 0.97418, -0.83210
2.51208, 0.97846, -0.83530
2.50793, 0.98274, -0.83850
2.50376, 0.98700, -0.84169
2.49957, 0.99125, -0.84488
2.49535, 0.99549, -0.84805
2.49112, 0.99972, -0.85122
2.48687, 1.00394, -0.85438
2.48260, 1.00815, -0.85752
2.47831, 1.01235, -0.86067
2.47400, 1.01654, -0.86380
2.46967, 1.02072, -0.86692
2.46532, 1.02489, -0.87003
2.46095, 1.02905, -0.87314
2.45656, 1.03319, -0.87624
2.45215, 1.03733, -0.87932
2.44772, 1.04146, -0.88240
2.44327, 1.04557, -0.88547
2.43880, 1.04967, -0.88853
2.43431, 1.05377, -0.89159
2.42980, 1.05785, -0.89463
2.42527, 1.06192, -0.89766
2.42072, 1.06597, -0.90069
2.41616, 1.07002, -0.90370
2.41157, 1.07406, -0.90671
2.40696, 1.07808, -0.90970
2.40233, 1.08209, -0.91269
2.39769, 1.08610, -0.91567
2.39302, 1.09008, -0.91863
2.38834, 1.09406, -0.92159
2.38363, 1.09803, -0.92454
2.37891, 1.10198, -0.92748
2.37416, 1.10592, -0.93041
2.36940, 1.10986, -0.93333
2.36462, 1.11377, -0.93623
2.35982, 1.11768, -0.93913
2.35499, 1.12157, -0.94202
2.35015, 1.12546, -0.94490
2.34529, 1.12933, -0.94777
2.34041, 1.13318, -0.95063
2.33552, 1.13703, -0.95348
2.33060, 1.14086, -0.95632
2.32566, 1.14468, -0.95914
2.32070, 1.14849, -0.96196
2.31573, 1.15229, -0.96477
2.31073, 1.15607, -0.96756
2.30572, 1.15984, -0.97035
2.30069, 1.16360, -0.97313
2.29563, 1.16734, -0.97589
2.29056, 1.17108, -0.97864
2.28547, 1.17480, -0.98139
2.28036, 1.17850, -0.98412
2.27524, 1.18220, -0.98684
2.27009, 1.18588, -0.98955
2.26492, 1.18955, -0.99225
2.25974, 1.19320, -0.99494
2.25453, 1.19685, -0.99762
2.24931, 1.20048, -1.00028
2.24407, 1.20409, -1.00294
2.23881, 1.20770, -1.00558
2.23353, 1.21129, -1.00821
2.22823, 1.21486, -1.01084
2.22292, 1.21843, -1.01345
2.21758, 1.22198, -1.01604
2.21223, 1.22552, -1.01863
2.20686, 1.22904, -1.02121
2.20147, 1.23255, -1.02377
2.19606, 1.23605, -1.02633
2.19063, 1.23953, -1.02887
2.18519, 1.24300, -1.03140
2.17972, 1.24646, -1.03392
2.17424, 1.24990, -1.03642
2.16874, 1.25333, -1.03892
2.16322, 1.25675, -1.04140
2.15769, 1.26015, -1.04387
2.15213, 1.26354, -1.04633
2.14656, 1.26692, -1.04878
2.14097, 1.27028, -1.05122
2.13536, 1.27363, -1.05364
2.12973, 1.27696, -1.05605
2.12409, 1.28028, -1.05845
2.11842, 1.28358, -1.06084
2.11274, 1.28688, -1.06322
2.10704, 1.29015, -1.06559
2.10133, 1.29342, -1.06794
2.09559, 1.29667, -1.07028
2.08984, 1.29990, -1.07261
2.08407, 1.30313, -1.07493
2.07829, 1.30633, -1.07723
2.07248, 1.30953, -1.07952
2.06666, 1.31270, -1.08180
2.06082, 1.31587, -1.08407
2.05496, 1.31902, -1.08633
2.04909, 1.32215, -1.08857
2.04320, 1.32527, -1.09080
2.03729, 1.32838, -1.09302
2.03136, 1.33147, -1.09523
2.02542, 1.33454, -1.09743
2.01946, 1.33761, -1.09961
2.01348, 1.34065, -1.10178
2.00749, 1.34368, -1.10394
2.00148, 1.34670, -1.10608
1.99545, 1.34970, -1.10821
1.98941, 1.35269, -1.11033
1.98335, 1.35566, -1.11244
1.97727, 1.35861, -1.11454
1.97117, 1.36155, -1.11662
1.96506, 1.36448, -1.11869
1.95893, 1.36739, -1.12075
1.95279, 1.37028, -1.12279
1.94663, 1.37316, -1.12482
1.94045, 1.37602, -1.12684
1.93425, 1.37887, -1.12885
1.92804, 1.38170, -1.13084
1.92182, 1.38452, -1.13282
1.91557, 1.38732, -1.13479
1.90932, 1.39010, -1.13675
1.90304, 1.39287, -1.13869
1.89675, 1.39562, -1.14062
1.89044, 1.39836, -1.14253
1.88412, 1.40108, -1.14443
1.87778, 1.40378, -1.14632
1.87142, 1.40646, -1.14820
1.86505, 1.40913, -1.15006
1.85867, 1.41179, -1.15191
1.85226, 1.41442, -1.15375
1.84585, 1.41704, -1.15557
1.83941, 1.41965, -1.15738
1.83296, 1.42223, -1.15917
1.82650, 1.42480, -1.16096
1.82002, 1.42736, -1.16272
1.81353, 1.42989, -1.16448
1.80701, 1.43241, -1.16622
1.80049, 1.43491, -1.16795
1.79395, 1.43740, -1.16966
1.78739, 1.43987, -1.17136
1.78082, 1.44232, -1.17305
1.77424, 1.44475, -1.17472
1.76763, 1.44716, -1.17638
1.76102, 1.44956, -1.17802
1.75439, 1.45194, -1.17966
1.74774, 1.45431, -1.18127
1.74108, 1.45665, -1.18287
1.73441, 1.45898, -1.18446
1.72772, 1.46129, -1.18604
1.72102, 1.46358, -1.18760
1.71430, 1.46585, -1.18914
1.70756, 1.46811, -1.19067
1.70082, 1.47034, -1.19219
1.69406, 1.47256, -1.19369
1.68728, 1.47476, -1.19518
1.68049, 1.47695, -1.19665
1.67369, 1.47911, -1.19811
1.66687, 1.48126, -1.19955
1.66004, 1.48338, -1.20098
1.65319, 1.48549, -1.20239
1.64634, 1.48758, -1.20379
1.63946, 1.48965, -1.20518
1.63258, 1.49170, -1.20654
1.62568, 1.49374, -1.20790
1.61876, 1.49575, -1.20924
1.61184, 1.49775, -1.21056
1.60490, 1.49973, -1.21187
1.59794, 1.50168, -1.21316
1.59097, 1.50362, -1.21444
1.58399, 1.50554, -1.21570
1.57700, 1.50744, -1.21695
1.56999, 1.50932, -1.21818
1.56298, 1.51119, -1.21940
1.55594, 1.51303, -1.22060
1.54890, 1.51485, -1.22179
1.54184, 1.51665, -1.22296
1.53477, 1.51844, -1.22411
1.52769, 1.52020, -1.22525
1.52059, 1.52195, -1.22637
1.51348, 1.52367, -1.22748
1.50636, 1.52538, -1.22857
1.49923, 1.52706, -1.22964
1.49208, 1.52873, -1.23070
1.48493, 1.53037, -1.23174
1.47776, 1.53200, -1.23277
1.47057, 1.53360, -1.23378
1.46338, 1.53518, -1.23477
1.45617, 1.53675, -1.23575
1.44896, 1.53829, -1.23671
1.44173, 1.53982, -1.23765
1.43449, 1.54132, -1.23858
1.42723, 1.54280, -1.23949
1.41997, 1.54426, -1.24039
1.41269, 1.54571, -1.24127
1.40541, 1.54713, -1.24213
1.39811, 1.54853, -1.24297
1.39080, 1.54991, -1.24380
1.38348, 1.55127, -1.24461
1.37615, 1.55260, -1.24540
1.36880, 1.55392, -1.24618
1.36145, 1.55522, -1.24694
1.35409, 1.55649, -1.24768
1.34671, 1.55775, -1.24841
1.33933, 1.55898, -1.24912
1.33193, 1.56019, -1.24981
1.32452, 1.56138, -1.25048
1.31710, 1.56255, -1.25114
1.30968, 1.56370, -1.25178
1.30224, 1.56482, -1.25240
1.29479, 1.56593, -1.25301
1.28733, 1.56701, -1.25359
1.27986, 1.56807, -1.25416
1.27238, 1.56911, -1.25471
1.26490, 1.57013, -1.25525
1.25740, 1.57113, -1.25576
1.24989, 1.57210, -1.25626
1.24237, 1.57306, -1.25674
1.23485, 1.57399, -1.25720
1.22731, 1.57490, -1.25765
1.21976, 1.57578, -1.25808
1.21221, 1.57665, -1.25848
1.20464, 1.57749, -1.25887
1.19707, 1.57831, -1.25925
1.18949, 1.57911, -1.25960
1.18189, 1.57989, -1.25993
1.17429, 1.58064, -1.26025
1.16668, 1.58138, -1.26055
1.15907, 1.58209, -1.26083
1.15144, 1.58277, -1.26109
1.14380, 1.58344, -1.26134
1.13616, 1.58408, -1.26156
1.12851, 1.58470, -1.26177
1.12085, 1.58529, -1.26195
1.11318, 1.58587, -1.26212
1.10550, 1.58642, -1.26227
1.09782, 1.58695, -1.26240
1.09013, 1.58745, -1.26251
1.08243, 1.58794, -1.26261
1.07472, 1.58839, -1.26268
1.06700, 1.58883, -1.26273
1.05928, 1.58924, -1.26277
1.05155, 1.58963, -1.26279
1.04381, 1.59000, -1.26278
1.03606, 1.59034, -1.26276
1.02831, 1.59066, -1.26272
1.02055, 1.59096, -1.26266
1.01278, 1.59124, -1.26258
1.00501, 1.59149, -1.26248
0.99723, 1.59171, -1.26236
0.98944, 1.59191, -1.26222
0.98165, 1.59209, -1.26206
0.97385, 1.59225, -1.26188
0.96604, 1.59238, -1.26169
0.95823, 1.59249, -1.26147
0.95041, 1.59257, -1.26123
0.94258, 1.59263, -1.26097
0.93475, 1.59267, -1.26070
0.92691, 1.59268, -1.26040
0.91907, 1.59267, -1.26008
0.91122, 1.59264, -1.25974
0.90336, 1.59258, -1.25939
0.89550, 1.59249, -1.25901
0.88764, 1.59238, -1.25861
0.87977, 1.59225, -1.25819
0.87189, 1.59209, -1.25775
0.86401, 1.59191, -1.25729
0.85612, 1.59171, -1.25682
0.84823, 1.59147, -1.25632
0.84033, 1.59122, -1.25580
0.83243, 1.59094, -1.25525
0.82452, 1.59063, -1.25469
0.81661, 1.59031, -1.25411
0.80870, 1.58995, -1.25351
0.80078, 1.58957, -1.25289
0.79285, 1.58917, -1.25224
0.78493, 1.58874, -1.25158
0.77699, 1.58828, -1.25089
0.76906, 1.58781, -1.25018
0.76112, 1.58730, -1.24946
0.75318, 1.58677, -1.24871
0.74523, 1.58622, -1.24794
0.73728, 1.58564, -1.24714
0.72932, 1.58503, -1.24633
0.72137, 1.58440, -1.24550
0.71341, 1.58374, -1.24464
0.70544, 1.58306, -1.24377
0.69748, 1.58235, -1.24287
0.68951, 1.58162, -1.24195
0.68154, 1.58086, -1.24101
0.67356, 1.58008, -1.24005
0.66558, 1.57927, -1.23907
0.65761, 1.57843, -1.23806
0.64962, 1.57757, -1.23703
0.64164, 1.57668, -1.23599
0.63365, 1.57577, -1.23492
0.62567, 1.57483, -1.23382
0.61768, 1.57386, -1.23271
0.60969, 1.57287, -1.23157
0.60169, 1.57185, -1.23042
0.59370, 1.57080, -1.22924
0.58571, 1.56973, -1.22804
0.57771, 1.56863, -1.22681
0.56971, 1.56750, -1.22557
0.56171, 1.56635, -1.22430
0.55371, 1.56517, -1.22301
0.54571, 1.56397, -1.22170
0.53771, 1.56274, -1.22036
0.52971, 1.56148, -1.21901
0.52171, 1.56019, -1.21763
0.51371, 1.55888, -1.21623
0.50571, 1.55754, -1.21480
0.49771, 1.55618, -1.21335
0.48971, 1.55478, -1.21189
0.48171, 1.55336, -1.21039
0.47371, 1.55191, -1.20888
0.46571, 1.55044, -1.20734
0.45771, 1.54893, -1.20578
0.44971, 1.54740, -1.20420
0.44171, 1.54585, -1.20260
0.43372, 1.54426, -1.20097
0.42572, 1.54265, -1.19932
0.41773, 1.54101, -1.19764
0.40974, 1.53934, -1.19595
0.40175, 1.53764, -1.19423
0.39376, 1.53592, -1.19248
0.38577, 1.53417, -1.19072
0.37779, 1.53239, -1.18893
0.36981, 1.53058, -1.18712
0.36183, 1.52874, -1.18528
0.35385, 1.52688, -1.18342
0.34588, 1.52498, -1.18154
0.33791, 1.52306, -1.17964
0.32994, 1.52111, -1.17771
0.32197, 1.51914, -1.17576
0.31401, 1.51713, -1.17378
0.30605, 1.51509, -1.17178
0.29810, 1.51303, -1.16976
0.29015, 1.51094, -1.16771
0.28220, 1.50882, -1.16564
0.27426, 1.50667, -1.16355
0.26632, 1.50449, -1.16143
0.25839, 1.50228, -1.15929
0.25046, 1.50004, -1.15713
0.24253, 1.49778, -1.15494
0.23461, 1.49548, -1.15273
0.22670, 1.49316, -1.15049
0.21878, 1.49081, -1.14823
0.21088, 1.48842, -1.14595
0.20298, 1.48601, -1.14364
0.19509, 1.48357, -1.14131
0.18720, 1.48110, -1.13896
0.17932, 1.47860, -1.13658
0.17144, 1.47607, -1.13417
0.16357, 1.47351, -1.13175
0.15571, 1.47092, -1.12930
0.14785, 1.46830, -1.12682
0.14000, 1.46565, -1.12432
0.13216, 1.46297, -1.12180
0.12432, 1.46026, -1.11925
0.11650, 1.45752, -1.11668
0.10868, 1.45475, -1.11408
0.10086, 1.45195, -1.11146
0.09306, 1.44912, -1.10881
0.08526, 1.44626, -1.10615
0.07747, 1.44337, -1.10345
0.06969, 1.44045, -1.10073
0.06192, 1.43750, -1.09799
0.05416, 1.43451, -1.09522
0.04641, 1.43150, -1.09243
0.03866, 1.42846, -1.08962
0.03093, 1.42538, -1.08678
0.02320, 1.42228, -1.08391
0.01549, 1.41914, -1.08103
0.00778, 1.41597, -1.07811
0.00008, 1.41277, -1.07518
-0.00760, 1.40955, -1.07221
-0.01527, 1.40629, -1.06923
-0.02294, 1.40299, -1.06622
-0.03059, 1.39967, -1.06318
-0.03823, 1.39632, -1.06012
-0.04586, 1.39293, -1.05704
-0.05348, 1.38952, -1.05393
-0.06109, 1.38607, -1.05079
-0.06868, 1.38259, -1.04764
-0.07627, 1.37908, -1.04445
-0.08384, 1.37553, -1.04125
-0.09139, 1.37196, -1.03802
-0.09894, 1.36835, -1.03476
-0.10647, 1.36472, -1.03148
-0.11399, 1.36105, -1.02818
-0.12149, 1.35735, -1.02485
-0.12898, 1.35361, -1.02149
-0.13646, 1.34985, -1.01812
-0.14392, 1.34605, -1.01471
-0.15137, 1.34223, -1.01129
-0.15881, 1.33836, -1.00784
-0.16623, 1.33447, -1.00436
-0.17363, 1.33055, -1.00086
-0.18102, 1.32659, -0.99734
-0.18839, 1.32260, -0.99379
-0.19575, 1.31858, -0.99022
-0.20309, 1.31453, -0.98662
-0.21041, 1.31045, -0.98300
-0.21772, 1.30633, -0.97936
-0.22501, 1.30218, -0.97569
-0.23229, 1.29800, -0.97199
-0.23955, 1.29379, -0.96828
-0.24679, 1.28954, -0.96454
-0.25401, 1.28526, -0.96077
-0.26121, 1.28095, -0.95698
-0.26840, 1.27661, -0.95317
-0.27557, 1.27224, -0.94933
-0.28271, 1.26783, -0.94547
-0.28984, 1.26339, -0.94159
-0.29695, 1.25892, -0.93768
-0.30405, 1.25442, -0.93375
-0.31112, 1.24988, -0.92980
-0.31817, 1.24531, -0.92582
-0.32520, 1.24071, -0.92181
-0.33221, 1.23608, -0.91779
-0.33920, 1.23142, -0.91374
-0.34617, 1.22672, -0.90967
-0.35312, 1.22199, -0.90557
-0.36004, 1.21723, -0.90145
-0.36695, 1.21244, -0.89731
-0.37383, 1.20762, -0.89314
-0.38069, 1.20276, -0.88895
-0.38752, 1.19787, -0.88474
-0.39434, 1.19295, -0.88051
-0.40113, 1.18800, -0.87625
-0.40790, 1.18302, -0.87197
-0.41464, 1.17800, -0.86766
-0.42136, 1.17296, -0.86334
-0.42806, 1.16788, -0.85899
-0.43473, 1.16277, -0.85461
-0.44137, 1.15763, -0.85022
-0.44799, 1.15246, -0.84580
-0.45459, 1.14726, -0.84136
-0.46116, 1.14202, -0.83689
-0.46770, 1.13676, -0.83241
-0.47422, 1.13146, -0.82790
-0.48071, 1.12613, -0.82337
-0.48718, 1.12077, -0.81882
-0.49362, 1.11538, -0.81424
-0.50003, 1.10996, -0.80964
-0.50641, 1.10451, -0.80502
-0.51276, 1.09903, -0.80038
-0.51909, 1.09352, -0.79571
-0.52539, 1.08797, -0.79103
-0.53166, 1.08240, -0.78632
-0.53790, 1.07680, -0.78158
-0.54411, 1.07117, -0.77683
-0.55029, 1.06550, -0.77205
-0.55644, 1.05981, -0.76726
-0.56256, 1.05409, -0.76244
-0.56866, 1.04833, -0.75759
-0.57472, 1.04255, -0.75273
-0.58074, 1.03674, -0.74784
-0.58674, 1.03090, -0.74293
-0.59271, 1.02503, -0.73800
-0.59864, 1.01912, -0.73305
-0.60454, 1.01320, -0.72808
-0.61041, 1.00724, -0.72308
-0.61625, 1.00125, -0.71806
-0.62205, 0.99523, -0.71302
-0.62782, 0.98919, -0.70796
-0.63356, 0.98311, -0.70288
-0.63926, 0.97701, -0.69777
-0.64493, 0.97088, -0.69264
-0.65056, 0.96472, -0.68749
-0.65616, 0.95853, -0.68232
-0.66172, 0.95231, -0.67713
-0.66725, 0.94607, -0.67191
-0.67274, 0.93980, -0.66668
-0.67820, 0.93350, -0.66142
-0.68361, 0.92717, -0.65614
-0.68899, 0.92081, -0.65083
-0.69434, 0.91443, -0.64551
-0.69964, 0.90802, -0.64016
-0.70491, 0.90158, -0.63479
-0.71014, 0.89511, -0.62940
-0.71533, 0.88862, -0.62399
-0.72048, 0.88210, -0.61855
-0.72560, 0.87555, -0.61310
-0.73067, 0.86897, -0.60762
-0.73570, 0.86237, -0.60211
-0.74069, 0.85574, -0.59659
-0.74565, 0.84908, -0.59105
-0.75056, 0.84240, -0.58548
-0.75542, 0.83569, -0.57989
-0.76025, 0.82895, -0.57428
-0.76503, 0.82219, -0.56864
-0.76978, 0.81540, -0.56299
-0.77447, 0.80858, -0.55731
-0.77913, 0.80174, -0.55161
-0.78374, 0.79487, -0.54589
-0.78831, 0.78797, -0.54014
-0.79283, 0.78105, -0.53438
-0.79731, 0.77410, -0.52859
-0.80174, 0.76712, -0.52278
-0.80612, 0.76012, -0.51694
-0.81046, 0.75309, -0.51109
-0.81475, 0.74603, -0.50521
-0.81900, 0.73895, -0.49931
-0.82319, 0.73184, -0.49339
-0.82734, 0.72471, -0.48745
-0.83144, 0.71755, -0.48148
-0.83549, 0.71036, -0.47549
-0.83949, 0.70315, -0.46948
-0.84345, 0.69591, -0.46345
-0.84735, 0.68865, -0.45740
-0.85120, 0.68136, -0.45132
-0.85499, 0.67404, -0.44523
-0.85874, 0.66669, -0.43911
-0.86244, 0.65932, -0.43297
-0.86608, 0.65193, -0.42681
-0.86966, 0.64451, -0.42063
-0.87320, 0.63706, -0.41443
-0.87668, 0.62958, -0.40820
-0.88010, 0.62208, -0.40196
-0.88347, 0.61455, -0.39569
-0.88678, 0.60700, -0.38941
-0.89004, 0.59942, -0.38310
-0.89324, 0.59181, -0.37677
-0.89638, 0.58418, -0.37043
-0.89947, 0.57652, -0.36406
-0.90249, 0.56884, -0.35767
-0.90546, 0.56112, -0.35127
-0.90837, 0.55338, -0.34484
-0.91121, 0.54562, -0.33840
-0.91400, 0.53783, -0.33194
-0.91672, 0.53001, -0.32546
-0.91939, 0.52217, -0.31896
-0.92199, 0.51430, -0.31244
-0.92453, 0.50640, -0.30591
-0.92700, 0.49848, -0.29936
-0.92942, 0.49053, -0.29280
-0.93176, 0.48255, -0.28621
-0.93405, 0.47455, -0.27961
-0.93627, 0.46652, -0.27300
-0.93842, 0.45846, -0.26637
-0.94051, 0.45038, -0.25973
-0.94253, 0.44227, -0.25307
-0.94448, 0.43414, -0.24640
-0.94637, 0.42598, -0.23972
-0.94818, 0.41779, -0.23302
-0.94993, 0.40958, -0.22631
-0.95162, 0.40135, -0.21959
-0.95323, 0.39308, -0.21286
-0.95477, 0.38479, -0.20611
-0.95625, 0.37648, -0.19936
-0.95765, 0.36814, -0.19260
-0.95898, 0.35978, -0.18583
-0.96025, 0.35139, -0.17905
-0.96144, 0.34298, -0.17226
-0.96256, 0.33454, -0.16547
-0.96361, 0.32608, -0.15866
-0.96459, 0.31759, -0.15186
-0.96549, 0.30908, -0.14504
-0.96633, 0.30054, -0.13823
-0.96709, 0.29199, -0.13140
-0.96778, 0.28341, -0.12458
-0.96839, 0.27480, -0.11775
-0.96893, 0.26618, -0.11092
-0.96940, 0.25753, -0.10408
-0.96980, 0.24886, -0.09725
-0.97012, 0.24017, -0.09041
-0.97037, 0.23145, -0.08358
-0.97055, 0.22272, -0.07675
-0.97065, 0.21396, -0.06991
-0.97068, 0.20519, -0.06308
-0.97064, 0.19640, -0.05625
-0.97052, 0.18758, -0.04943
-0.97033, 0.17875, -0.04260
-0.97006, 0.16990, -0.03579
-0.96972, 0.16103, -0.02897
-0.96931, 0.15214, -0.02216
-0.96882, 0.14323, -0.01536
-0.96826, 0.13431, -0.00856
-0.96763, 0.12537, -0.00177
-0.96693, 0.11642, 0.00501
-0.96615, 0.10745, 0.01178
-0.96529, 0.09846, 0.01855
-0.96437, 0.08946, 0.02530
-0.96337, 0.08045, 0.03205
-0.96230, 0.07142, 0.03879
-0.96115, 0.06238, 0.04552
-0.95994, 0.05332, 0.05223
-0.95865, 0.04426, 0.05894
-0.95729, 0.03518, 0.06563
-0.95586, 0.02609, 0.07231
-0.95436, 0.01699, 0.07898
-0.95278, 0.00788, 0.08564
-0.95113, -0.00124, 0.09228
-0.94942, -0.01037, 0.09891
-0.94763, -0.01951, 0.10553
-0.94577, -0.02865, 0.11213
-0.94384, -0.03781, 0.11871
-0.94184, -0.04697, 0.12528
-0.93977, -0.05613, 0.13184
-0.93763, -0.06531, 0.13838
-0.93542, -0.07448, 0.14490
-0.93314, -0.08367, 0.15141
-0.93079, -0.09286, 0.15790
-0.92838, -0.10205, 0.16437
-0.92589, -0.11124, 0.17082
-0.92334, -0.12044, 0.17726
-0.92072, -0.12964, 0.18368
-0.91803, -0.13884, 0.19008
-0.91527, -0.14805, 0.19647
-0.91245, -0.15725, 0.20283
-0.90955, -0.16645, 0.20918
-0.90660, -0.17566, 0.21550
-0.90357, -0.18486, 0.22181
-0.90048, -0.19406, 0.22809
-0.89732, -0.20326, 0.23436
-0.89410, -0.21246, 0.24061
-0.89081, -0.22165, 0.24683
-0.88746, -0.23084, 0.25304
-0.88404, -0.24003, 0.25923
-0.88055, -0.24921, 0.26539
-0.87701, -0.25839, 0.27153
-0.87339, -0.26756, 0.27765
-0.86972, -0.27673, 0.28375
-0.86598, -0.28589, 0.28983
-0.86217, -0.29504, 0.29589
-0.85831, -0.30419, 0.30192
-0.85438, -0.31333, 0.30793
-0.85039, -0.32246, 0.31392
-0.84633, -0.33158, 0.31989
-0.84222, -0.34069, 0.32583
-0.83804, -0.34979, 0.33176
-0.83380, -0.35888, 0.33765
-0.82950, -0.36796, 0.34353
-0.82514, -0.37703, 0.34938
-0.82072, -0.38608, 0.35521
-0.81624, -0.39513, 0.36101
-0.81169, -0.40416, 0.36679
-0.80709, -0.41317, 0.37255
-0.80243, -0.42218, 0.37828
-0.79771, -0.43117, 0.38399
-0.79293, -0.44014, 0.38967
-0.78809, -0.44910, 0.39533
-0.78320, -0.45805, 0.40097
-0.77824, -0.46698, 0.40658
-0.77323, -0.47589, 0.41216
-0.76816, -0.48478, 0.41772
-0.76304, -0.49366, 0.42325
-0.75785, -0.50252, 0.42876
-0.75261, -0.51136, 0.43425
-0.74732, -0.52019, 0.43971
-0.74197, -0.52899, 0.44514
-0.73656, -0.53777, 0.45055
-0.73110, -0.54654, 0.45593
-0.72558, -0.55528, 0.46128
-0.72001, -0.56400, 0.46661
-0.71438, -0.57270, 0.47191
-0.70870, -0.58138, 0.47719
-0.70297, -0.59004, 0.48244
-0.69718, -0.59868, 0.48766
-0.69134, -0.60729, 0.49286
-0.68545, -0.61588, 0.49803
-0.67951, -0.62444, 0.50317
-0.67351, -0.63299, 0.50829
-0.66746, -0.64150, 0.51338
-0.66136, -0.64999, 0.51844
-0.65521, -0.65846, 0.52347
-0.64901, -0.66690, 0.52848
-0.64276, -0.67532, 0.53346
-0.63646, -0.68370, 0.53841
-0.63011, -0.69207, 0.54334
-0.62370, -0.70040, 0.54824
-0.61726, -0.70871, 0.55310
-0.61076, -0.71699, 0.55795
-0.60421, -0.72524, 0.56276
-0.59762, -0.73346, 0.56754
-0.59098, -0.74165, 0.57230
-0.58429, -0.74982, 0.57703
-0.57755, -0.75795, 0.58173
-0.57077, -0.76606, 0.58640
-0.56395, -0.77413, 0.59105
-0.55707, -0.78218, 0.59566
-0.55016, -0.79019, 0.60025
-0.54319, -0.79817, 0.60481
-0.53619, -0.80612, 0.60934
-0.52913, -0.81404, 0.61384
-0.52204, -0.82193, 0.61831
-0.51490, -0.82978, 0.62275
-0.50772, -0.83760, 0.62716
-0.50050, -0.84539, 0.63155
-0.49323, -0.85315, 0.63590
-0.48592, -0.86087, 0.64023
-0.47857, -0.86855, 0.64453
-0.47118, -0.87621, 0.64879
-0.46375, -0.88383, 0.65303
-0.45628, -0.89141, 0.65724
-0.44877, -0.89896, 0.66142
-0.44122, -0.90647, 0.66557
-0.43363, -0.91395, 0.66969
-0.42600, -0.92140, 0.67378
-0.41834, -0.92880, 0.67784
-0.41064, -0.93617, 0.68187
-0.40289, -0.94351, 0.68587
-0.39512, -0.95081, 0.68985
-0.38730, -0.95807, 0.69379
-0.37945, -0.96529, 0.69770
-0.37156, -0.97248, 0.70158
-0.36364, -0.97963, 0.70543
-0.35569, -0.98674, 0.70926
-0.34769, -0.99381, 0.71305
-0.33967, -1.00085, 0.71681
-0.33161, -1.00784, 0.72055
-0.32352, -1.01480, 0.72425
-0.31539, -1.02172, 0.72792
-0.30723, -1.02860, 0.73157
-0.29905, -1.03544, 0.73518
-0.29082, -1.04225, 0.73876
-0.28257, -1.04901, 0.74231
-0.27429, -1.05573, 0.74584
-0.26597, -1.06242, 0.74933
-0.25763, -1.06906, 0.75279
-0.24926, -1.07567, 0.75623
-0.24085, -1.08223, 0.75963
-0.23242, -1.08875, 0.76300
-0.22396, -1.09524, 0.76635
-0.21548, -1.10168, 0.76966
-0.20696, -1.10808, 0.77294
-0.19842, -1.11444, 0.77619
-0.18985, -1.12076, 0.77942
-0.18126, -1.12704, 0.78261
-0.17264, -1.13328, 0.78578
-0.16399, -1.13948, 0.78891
-0.15532, -1.14563, 0.79201
-0.14662, -1.15175, 0.79509
-0.13791, -1.15782, 0.79813
-0.12916, -1.16385, 0.80115
-0.12040, -1.16984, 0.80413
-0.11161, -1.17579, 0.80709
-0.10279, -1.18169, 0.81001
-0.09396, -1.18756, 0.81291
-0.08510, -1.19338, 0.81577
-0.07623, -1.19916, 0.81861
-0.06733, -1.20490, 0.82142
-0.05841, -1.21059, 0.82420
-0.04947, -1.21624, 0.82695
-0.04051, -1.22186, 0.82967
-0.03154, -1.22742, 0.83236
-0.02254, -1.23295, 0.83502
-0.01353, -1.23843, 0.83765
-0.00449, -1.24388, 0.84025
0.00456, -1.24928, 0.84283
0.01362, -1.25463, 0.84537
0.02271, -1.25995, 0.84789
0.03181, -1.26522, 0.85038
0.04092, -1.27045, 0.85284
0.05006, -1.27564, 0.85527
0.05920, -1.28078, 0.85767
0.06836, -1.28588, 0.86004
0.07754, -1.29094, 0.86239
0.08673, -1.29596, 0.86471
0.09593, -1.30093, 0.86699
0.10515, -1.30587, 0.86925
0.11438, -1.31076, 0.87149
0.12362, -1.31561, 0.87369
0.13288, -1.32041, 0.87586
0.14215, -1.32518, 0.87801
0.15142, -1.32990, 0.88013
0.16071, -1.33458, 0.88222
0.17001, -1.33921, 0.88429
0.17932, -1.34381, 0.88632
0.18864, -1.34836, 0.88833
0.19797, -1.35288, 0.89031
0.20731, -1.35735, 0.89227
0.21665, -1.36177, 0.89419
0.22601, -1.36616, 0.89609
0.23537, -1.37051, 0.89797
0.24475, -1.37481, 0.89981
0.25412, -1.37907, 0.90163
0.26351, -1.38330, 0.90342
0.27290, -1.38748, 0.90518
0.28230, -1.39162, 0.90691
0.29171, -1.39571, 0.90862
0.30112, -1.39977, 0.91031
0.31054, -1.40379, 0.91196
0.31996, -1.40777, 0.91359
0.32939, -1.41170, 0.91519
0.33882, -1.41560, 0.91677
0.34826, -1.41945, 0.91832
0.35770, -1.42327, 0.91984
0.36715, -1.42705, 0.92134
0.37660, -1.43078, 0.92281
0.38605, -1.43448, 0.92425
0.39551, -1.43813, 0.92567
0.40497, -1.44175, 0.92706
0.41443, -1.44533, 0.92843
0.42390, -1.44887, 0.92977
0.43337, -1.45237, 0.93109
0.44284, -1.45583, 0.93238
0.45231, -1.45925, 0.93364
0.46178, -1.46263, 0.93488
0.47126, -1.46598, 0.93610
0.48073, -1.46928, 0.93728
0.49021, -1.47255, 0.93845
0.49969, -1.47578, 0.93959
0.50916, -1.47897, 0.94071
0.51864, -1.48213, 0.94180
0.52812, -1.48524, 0.94286
0.53760, -1.48832, 0.94391
0.54708, -1.49136, 0.94493
0.55655, -1.49437, 0.94592
0.56603, -1.49733, 0.94689
0.57550, -1.50026, 0.94784
0.58498, -1.50316, 0.94876
0.59445, -1.50601, 0.94966
0.60392, -1.50883, 0.95054
0.61339, -1.51162, 0.95139
0.62286, -1.51436, 0.95222
0.63232, -1.51707, 0.95303
0.64179, -1.51975, 0.95382
0.65125, -1.52239, 0.95458
0.66070, -1.52499, 0.95532
0.67016, -1.52756, 0.95604
0.67961, -1.53009, 0.95673
0.68906, -1.53259, 0.95740
0.69850, -1.53505, 0.95805
0.70794, -1.53748, 0.95868
0.71738, -1.53987, 0.95929
0.72681, -1.54223, 0.95987
0.73624, -1.54455, 0.96044
0.74567, -1.54684, 0.96098
0.75509, -1.54909, 0.96150
0.76450, -1.55131, 0.96200
0.77391, -1.55350, 0.96248
0.78332, -1.55565, 0.96293
0.79272, -1.55777, 0.96337
0.80211, -1.55985, 0.96379
0.81150, -1.56190, 0.96418
0.82089, -1.56392, 0.96456
0.83026, -1.56590, 0.96491
0.83964, -1.56786, 0.96525
0.84900, -1.56978, 0.96556
0.85836, -1.57166, 0.96585
0.86772, -1.57351, 0.96613
0.87706, -1.57534, 0.96638
0.88640, -1.57712, 0.96662
0.89574, -1.57888, 0.96683
0.90506, -1.58061, 0.96703
0.91438, -1.58230, 0.96721
0.92369, -1.58396, 0.96736
0.93300, -1.58559, 0.96750
0.94229, -1.58719, 0.96762
0.95158, -1.58875, 0.96772
0.96086, -1.59029, 0.96780
0.97014, -1.59179, 0.96787
0.97940, -1.59327, 0.96791
0.98866, -1.59471, 0.96794
0.99791, -1.59612, 0.96795
1.00715, -1.59750, 0.96794
1.01638, -1.59885, 0.96791
1.02561, -1.60017, 0.96786
1.03482, -1.60146, 0.96780
1.04403, -1.60273, 0.96772
1.05323, -1.60396, 0.96762
1.06241, -1.60516, 0.96750
1.07159, -1.60633, 0.96737
1.08076, -1.60747, 0.96722
1.08992, -1.60859, 0.96705
1.09907, -1.60967, 0.96687
1.10821, -1.61073, 0.96666
1.11734, -1.61175, 0.96645
1.12646, -1.61275, 0.96621
1.13558, -1.61372, 0.96596
1.14468, -1.61466, 0.96569
1.15377, -1.61557, 0.96540
1.16285, -1.61646, 0.96510
1.17192, -1.61731, 0.96478
1.18098, -1.61814, 0.96445
1.19003, -1.61894, 0.96410
1.19907, -1.61972, 0.96373
1.20809, -1.62046, 0.96335
1.21711, -1.62118, 0.96296
1.22612, -1.62187, 0.96254
1.23511, -1.62253, 0.96211
1.24409, -1.62317, 0.96167
1.25307, -1.62378, 0.96121
1.26203, -1.62437, 0.96074
1.27098, -1.62492, 0.96025
1.27992, -1.62545, 0.95974
1.28884, -1.62596, 0.95922
1.29776, -1.62644, 0.95869
1.30666, -1.62689, 0.95814
1.31556, -1.62731, 0.95758
1.32444, -1.62772, 0.95700
1.33330, -1.62809, 0.95641
1.34216, -1.62844, 0.95580
1.35100, -1.62876, 0.95518
1.35984, -1.62906, 0.95454
1.36866, -1.62934, 0.95389
1.37746, -1.62958, 0.95323
1.38626, -1.62981, 0.95255
1.39504, -1.63001, 0.95186
1.40381, -1.63018, 0.95115
1.41257, -1.63033, 0.95043
1.42131, -1.63046, 0.94970
1.43005, -1.63056, 0.94895
1.43877, -1.63064, 0.94819
1.44747, -1.63069, 0.94742
1.45617, -1.63072, 0.94664
1.46485, -1.63072, 0.94584
1.47352, -1.63071, 0.94502
1.48217, -1.63067, 0.94420
1.49081, -1.63060, 0.94336
1.49944, -1.63051, 0.94251
1.50806, -1.63040, 0.94164
1.51666, -1.63027, 0.94077
1.52525, -1.63011, 0.93988
1.53382, -1.62993, 0.93898
1.54238, -1.62973, 0.93806
1.55093, -1.62950, 0.93714
1.55947, -1.62926, 0.93620
1.56799, -1.62899, 0.93525
1.57649, -1.62870, 0.93428
1.58499, -1.62838, 0.93331
1.59347, -1.62805, 0.93232
1.60193, -1.62769, 0.93132
1.61039, -1.62731, 0.93031
1.61883, -1.62691, 0.92929
1.62725, -1.62649, 0.92825
1.63566, -1.62604, 0.92721
1.64406, -1.62558, 0.92615
1.65244, -1.62509, 0.92508
1.66081, -1.62459, 0.92400
1.66916, -1.62406, 0.92291
1.67750, -1.62351, 0.92180
1.68583, -1.62294, 0.92069
1.69414, -1.62235, 0.91956
1.70243, -1.62174, 0.91843
1.71072, -1.62111, 0.91728
1.71899, -1.62046, 0.91612
1.72724, -1.61979, 0.91495
1.73548, -1.61910, 0.91377
1.74370, -1.61839, 0.91258
1.75191, -1.61766, 0.91138
1.76011, -1.61691, 0.91016
1.76829, -1.61614, 0.90894
1.77646, -1.61535, 0.90771
1.78461, -1.61454, 0.90646
1.79275, -1.61372, 0.90521
1.80087, -1.61287, 0.90394
1.80898, -1.61200, 0.90267
1.81707, -1.61112, 0.90138
1.82515, -1.61022, 0.90009
1.83321, -1.60929, 0.89878
1.84126, -1.60835, 0.89747
1.84929, -1.60740, 0.89614
1.85731, -1.60642, 0.89481
1.86531, -1.60542, 0.89346
1.87330, -1.60441, 0.89211
1.88127, -1.60338, 0.89075
1.88923, -1.60233, 0.88937
1.89718, -1.60126, 0.88799
1.90510, -1.60017, 0.88659
1.91302, -1.59907, 0.88519
1.92091, -1.59795, 0.88378
1.92880, -1.59681, 0.88236
1.93666, -1.59566, 0.88093
1.94452, -1.59448, 0.87949
1.95235, -1.59329, 0.87804
1.96018, -1.59208, 0.87658
1.96798, -1.59086, 0.87511
1.97577, -1.58962, 0.87364
1.98355, -1.58836, 0.87215
1.99131, -1.58709, 0.87066
1.99906, -1.58579, 0.86915
2.00678, -1.58449, 0.86764
2.01450, -1.58316, 0.86612
2.02220, -1.58182, 0.86459
2.02988, -1.58046, 0.86305
2.03755, -1.57909, 0.86150
2.04520, -1.57770, 0.85995
2.05284, -1.57630, 0.85838
2.06046, -1.57488, 0.85681
2.06807, -1.57344, 0.85523
2.07566, -1.57199, 0.85364
2.08323, -1.57052, 0.85204
2.09079, -1.56903, 0.85043
2.09834, -1.56754, 0.84882
2.10586, -1.56602, 0.84719
2.11338, -1.56449, 0.84556
2.12087, -1.56295, 0.84392
2.12836, -1.56138, 0.84227
2.13582, -1.55981, 0.84062
2.14327, -1.55822, 0.83895
2.15071, -1.55661, 0.83728
2.15812, -1.55499, 0.83560
2.16553, -1.55336, 0.83391
2.17291, -1.55171, 0.83222
2.18029, -1.55005, 0.83051
2.18764, -1.54837, 0.82880
2.19498, -1.54667, 0.82708
2.20230, -1.54497, 0.82536
2.20961, -1.54325, 0.82362
2.21691, -1.54151, 0.82188
2.22418, -1.53976, 0.82013
2.23144, -1.53800, 0.81837
2.23869, -1.53622, 0.81661
2.24592, -1.53443, 0.81483
2.25313, -1.53262, 0.81305
2.26033, -1.53080, 0.81127
2.26751, -1.52897, 0.80947
2.27468, -1.52712, 0.80767
2.28183, -1.52526, 0.80586
2.28896, -1.52339, 0.80404
2.29608, -1.52150, 0.80222
2.30318, -1.51960, 0.80039
2.31027, -1.51769, 0.79855
2.31734, -1.51576, 0.79671
2.32439, -1.51382, 0.79485
2.33143, -1.51187, 0.79299
2.33845, -1.50991, 0.79113
2.34546, -1.50793, 0.78925
2.35245, -1.50594, 0.78737
2.35942, -1.50393, 0.78549
2.36638, -1.50191, 0.78359
2.37332, -1.49989, 0.78169
2.38025, -1.49784, 0.77978
2.38716, -1.49579, 0.77787
2.39405, -1.49372, 0.77595
2.40093, -1.49164, 0.77402
2.40779, -1.48955, 0.77208
2.41464, -1.48745, 0.77014
2.42147, -1.48533, 0.76819
2.42828, -1.48320, 0.76624
2.43508, -1.48106, 0.76428
2.44186, -1.47891, 0.76231
2.44863, -1.47674, 0.76034
2.45538, -1.47457, 0.75836
2.46211, -1.47238, 0.75637
2.46883, -1.47018, 0.75438
2.47553, -1.46796, 0.75238
2.48222, -1.46574, 0.75037
2.48889, -1.46350, 0.74836
2.49554, -1.46126, 0.74634
2.50218, -1.45900, 0.74432
2.50880, -1.45673, 0.74228
2.51540, -1.45444, 0.74025
2.52199, -1.45215, 0.73821
2.52856, -1.44985, 0.73616
2.53512, -1.44753, 0.73410
2.54166, -1.44520, 0.73204
2.54818, -1.44286, 0.72997
2.55469, -1.44051, 0.72790
2.56118, -1.43815, 0.72582
2.56766, -1.43578, 0.72374
2.57412, -1.43339, 0.72165
2.58056, -1.43100, 0.71955
2.58699, -1.42859, 0.71745
2.59340, -1.42618, 0.71534
2.59980, -1.42375, 0.71323
2.60617, -1.42131, 0.71111
2.61254, -1.41886, 0.70899
2.61889, -1.41640, 0.70686
2.62522, -1.41393, 0.70472
2.63153, -1.41145, 0.70258
2.63783, -1.40896, 0.70044
2.64411, -1.40646, 0.69829
2.65038, -1.40395, 0.69613
2.65663, -1.40142, 0.69397
2.66287, -1.39889, 0.69180
2.66909, -1.39634, 0.68963
2.67529, -1.39379, 0.68746
2.68148, -1.39123, 0.68527
2.68765, -1.38865, 0.68309
2.69381, -1.38607, 0.68090
2.69995, -1.38347, 0.67870
2.70607, -1.38087, 0.67650
2.71218, -1.37825, 0.67429
2.71827, -1.37563, 0.67208
2.72435, -1.37299, 0.66986
2.73041, -1.37035, 0.66764
2.73646, -1.36770, 0.66542
2.74249, -1.36503, 0.66319
2.74850, -1.36236, 0.66095
2.75450, -1.35968, 0.65872
2.76049, -1.35699, 0.65647
2.76645, -1.35428, 0.65422
2.77241, -1.35157, 0.65197
2.77834, -1.34885, 0.64971
2.78426, -1.34613, 0.64745
2.79017, -1.34339, 0.64519
2.79606, -1.34064, 0.64292
2.80193, -1.33788, 0.64064
2.80779, -1.33512, 0.63836
2.81363, -1.33234, 0.63608
2.81946, -1.32956, 0.63379
2.82527, -1.32677, 0.63150
2.83107, -1.32397, 0.62920
2.83685, -1.32116, 0.62690
2.84262, -1.31834, 0.62460
2.84837, -1.31551, 0.62229
2.85410, -1.31268, 0.61997
2.85982, -1.30983, 0.61766
2.86552, -1.30698, 0.61533
2.87121, -1.30412, 0.61301
2.87688, -1.30125, 0.61068
2.88254, -1.29837, 0.60835
2.88818, -1.29549, 0.60601
2.89381, -1.29259, 0.60367
2.89942, -1.28969, 0.60132
2.90501, -1.28678, 0.59897
2.91059, -1.28386, 0.59662
2.91615, -1.28093, 0.59426
2.92170, -1.27799, 0.59190
2.92723, -1.27505, 0.58953
2.93275, -1.27209, 0.58716
2.93825, -1.26913, 0.58479
2.94374, -1.26616, 0.58241
2.94921, -1.26319, 0.58003
2.95466, -1.26020, 0.57765
2.96010, -1.25721, 0.57526
2.96553, -1.25421, 0.57287
2.97094, -1.25120, 0.57047
2.97633, -1.24818, 0.56808
2.98171, -1.24516, 0.56567
2.98707, -1.24213, 0.56327
2.99242, -1.23909, 0.56086
2.99775, -1.23604, 0.55844
3.00307, -1.23298, 0.55603
3.00837, -1.22992, 0.55361
3.01365, -1.22685, 0.55118
3.01892, -1.22377, 0.54876
3.02418, -1.22069, 0.54633
3.02942, -1.21759, 0.54389
3.03464, -1.21449, 0.54146
3.03985, -1.21139, 0.53902
3.04505, -1.20827, 0.53657
3.05022, -1.20515, 0.53413
3.05539, -1.20202, 0.53168
3.06054, -1.19888, 0.52922
3.06567, -1.19574, 0.52677
3.07079, -1.19258, 0.52431
3.07589, -1.18943, 0.52184
3.08098, -1.18626, 0.51938
3.08605, -1.18309, 0.51691
3.09110, -1.17991, 0.51444
3.09615, -1.17672, 0.51196
3.10117, -1.17352, 0.50949
3.10618, -1.17032, 0.50701
3.11118, -1.16711, 0.50452
3.11616, -1.16390, 0.50203
3.12113, -1.16068, 0.49955
3.12608, -1.15745, 0.49705
3.13102, -1.15421, 0.49456
3.13594, -1.15097, 0.49206
3.14084, -1.14772, 0.48956
3.14573, -1.14446, 0.48706
3.15061, -1.14120, 0.48455
3.15547, -1.13793, 0.48204
3.16032, -1.13465, 0.47953
3.16515, -1.13137, 0.47701
3.16996, -1.12808, 0.47450
3.17476, -1.12479, 0.47198
3.17955, -1.12148, 0.46946
3.18432, -1.11817, 0.46693
3.18908, -1.11486, 0.46440
3.19382, -1.11154, 0.46187
3.19855, -1.10821, 0.45934
3.20326, -1.10488, 0.45681
3.20796, -1.10153, 0.45427
3.21264, -1.09819, 0.45173
3.21731, -1.09483, 0.44919
3.22196, -1.09147, 0.44664
3.22660, -1.08811, 0.44410
3.23122, -1.08474, 0.44155
3.23583, -1.08136, 0.43900
3.24042, -1.07798, 0.43644
3.24500, -1.07459, 0.43389
3.24957, -1.07119, 0.43133
3.25412, -1.06779, 0.42877
3.25865, -1.06438, 0.42621
3.26317, -1.06097, 0.42364
3.26768, -1.05755, 0.42107
3.27217, -1.05412, 0.41851
3.27665, -1.05069, 0.41593
3.28111, -1.04725, 0.41336
3.28556, -1.04381, 0.41079
3.28999, -1.04036, 0.40821
3.29441, -1.03691, 0.40563
3.29882, -1.03345, 0.40305
3.30321, -1.02998, 0.40047
3.30758, -1.02651, 0.39788
3.31194, -1.02303, 0.39529
3.31629, -1.01955, 0.39270
3.32062, -1.01606, 0.39011
3.32494, -1.01257, 0.38752
3.32925, -1.00907, 0.38493
3.33354, -1.00557, 0.38233
3.33781, -1.00206, 0.37973
3.34207, -0.99854, 0.37713
3.34632, -0.99502, 0.37453
3.35055, -0.99150, 0.37193
3.35477, -0.98797, 0.36932
3.35897, -0.98443, 0.36671
3.36316, -0.98089, 0.36410
3.36734, -0.97734, 0.36149
3.37150, -0.97379, 0.35888
3.37565, -0.97023, 0.35627
3.37978, -0.96667, 0.35365
3.38390, -0.96311, 0.35104
3.38801, -0.95953, 0.34842
3.39210, -0.95596, 0.34580
3.39617, -0.95238, 0.34318
3.40024, -0.94879, 0.34055
3.40429, -0.94520, 0.33793
3.40832, -0.94160, 0.33530
3.41234, -0.93800, 0.33268
3.41635, -0.93440, 0.33005
3.42034, -0.93079, 0.32742
3.42432, -0.92717, 0.32478
3.42829, -0.92355, 0.32215
3.43224, -0.91992, 0.31952
3.43618, -0.91630, 0.31688
3.44010, -0.91266, 0.31424
3.44401, -0.90902, 0.31160
3.44791, -0.90538, 0.30896
3.45179, -0.90173, 0.30632
3.45566, -0.89808, 0.30368
3.45951, -0.89442, 0.30104
3.46335, -0.89076, 0.29839
3.46718, -0.88710, 0.29575
3.47099, -0.88343, 0.29310
3.47479, -0.87975, 0.29045
3.47858, -0.87607, 0.28780
3.48235, -0.87239, 0.28515
3.48611, -0.86870, 0.28250
3.48985, -0.86501, 0.27984
3.49359, -0.86132, 0.27719
3.49730, -0.85762, 0.27453
3.50101, -0.85391, 0.27188
3.50470, -0.85020, 0.26922
3.50838, -0.84649, 0.26656
3.51204, -0.84278, 0.26390
3.51569, -0.83905, 0.26124
3.51933, -0.83533, 0.25858
3.52295, -0.83160, 0.25591
3.52656, -0.82787, 0.25325
3.53016, -0.82413, 0.25058
3.53374, -0.82039, 0.24792
3.53731, -0.81665, 0.24525
3.54087, -0.81290, 0.24258
3.54441, -0.80915, 0.23992
3.54794, -0.80539, 0.23725
3.55146, -0.80163, 0.23458
3.55496, -0.79787, 0.23190
3.55845, -0.79410, 0.22923
3.56193, -0.79033, 0.22656
3.56539, -0.78656, 0.22388
3.56884, -0.78278, 0.22121
3.57228, -0.77900, 0.21853
3.57570, -0.77521, 0.21586
3.57911, -0.77143, 0.21318
3.58251, -0.76763, 0.21050
3.58589, -0.76384, 0.20782
3.58926, -0.76004, 0.20514
3.59262, -0.75624, 0.20246
3.59596, -0.75243, 0.19978
3.59929, -0.74862, 0.19710
3.60261, -0.74481, 0.19442
3.60592, -0.74099, 0.19173
3.60921, -0.73717, 0.18905
3.61249, -0.73335, 0.18637
3.61576, -0.72952, 0.18368
3.61901, -0.72569, 0.18100
3.62225, -0.72186, 0.17831
3.62548, -0.71803, 0.17562
3.62869, -0.71419, 0.17293
3.63189, -0.71035, 0.17025
3.63508, -0.70650, 0.16756
3.63826, -0.70265, 0.16487
3.64142, -0.69880, 0.16218
3.64457, -0.69495, 0.15949
3.64771, -0.69109, 0.15680
3.65083, -0.68723, 0.15410
3.65394, -0.68337, 0.15141
3.65704, -0.67950, 0.14872
3.66012, -0.67563, 0.14602
3.66320, -0.67176, 0.14333
3.66626, -0.66788, 0.14064
3.66930, -0.66401, 0.13794
3.67234, -0.66012, 0.13525
3.67536, -0.65624, 0.13255
3.67837, -0.65235, 0.12985
3.68137, -0.64847, 0.12716
3.68435, -0.64457, 0.12446
3.68732, -0.64068, 0.12176
3.69028, -0.63678, 0.11907
3.69322, -0.63288, 0.11637
3.69616, -0.62898, 0.11367
3.69908, -0.62508, 0.11097
3.70198, -0.62117, 0.10827
3.70488, -0.61726, 0.10557
3.70776, -0.61335, 0.10287
3.71063, -0.60943, 0.10017
3.71349, -0.60551, 0.09747
3.71633, -0.60159, 0.09477
3.71916, -0.59767, 0.09207
3.72198, -0.59375, 0.08936
3.72479, -0.58982, 0.08666
3.72759, -0.58589, 0.08396
3.73037, -0.58196, 0.08126
3.73314, -0.57802, 0.07855
3.73589, -0.57409, 0.07585
3.73864, -0.57015, 0.07315
3.74137, -0.56621, 0.07044
3.74409, -0.56226, 0.06774
3.74680, -0.55832, 0.06504
3.74949, -0.55437, 0.06233
3.75217, -0.55042, 0.05963
3.75484, -0.54647, 0.05692
3.75750, -0.54251, 0.05422
3.76015, -0.53856, 0.05151
3.76278, -0.53460, 0.04881
3.76540, -0.53064, 0.04610
3.76801, -0.52668, 0.04340
3.77060, -0.52271, 0.04069
3.77319, -0.51875, 0.03798
3.77576, -0.51478, 0.03528
3.77832, -0.51081, 0.03257
3.78086, -0.50683, 0.02987
3.78340, -0.50286, 0.02716
3.78592, -0.49888, 0.02445
3.78843, -0.49491, 0.02175
3.79093, -0.49093, 0.01904
3.79341, -0.48694, 0.01633
3.79588, -0.48296, 0.01363
3.79834, -0.47898, 0.01092
3.80079, -0.47499, 0.00821
3.80323, -0.47100, 0.00550
3.80565, -0.46701, 0.00280
3.80806, -0.46302, 0.00009
3.81046, -0.45902, -0.00262
3.81285, -0.45503, -0.00532
3.81522, -0.45103, -0.00803
3.81759, -0.44703, -0.01074
3.81994, -0.44303, -0.01345
3.82227, -0.43903, -0.01615
3.82460, -0.43503, -0.01886
3.82691, -0.43102, -0.02157
3.82922, -0.42702, -0.02427
3.83150, -0.42301, -0.02698
3.83378, -0.41900, -0.02969
3.83605, -0.41499, -0.03239
3.83830, -0.41097, -0.03510
3.84054, -0.40696, -0.03781
3.84277, -0.40294, -0.04051
3.84499, -0.39893, -0.04322
3.84719, -0.39491, -0.04593
3.84938, -0.39089, -0.04863
3.85156, -0.38687, -0.05134
3.85373, -0.38285, -0.05404
3.85589, -0.37882, -0.05675
3.85803, -0.37480, -0.05945
3.86016, -0.37077, -0.06216
3.86228, -0.36674, -0.06486
3.86439, -0.36272, -0.06757
3.86649, -0.35869, -0.07027
3.86857, -0.35465, -0.07298
3.87064, -0.35062, -0.07568
3.87270, -0.34659, -0.07838
3.87475, -0.34255, -0.08109
3.87678, -0.33852, -0.08379
3.87881, -0.33448, -0.08649
3.88082, -0.33044, -0.08920
3.88282, -0.32640, -0.09190
3.88480, -0.32236, -0.09460
3.88678, -0.31832, -0.09730
3.88874, -0.31428, -0.10000
3.89069, -0.31023, -0.10271
3.89263, -0.30619, -0.10541
3.89456, -0.30214, -0.10811
3.89648, -0.29809, -0.11081
3.89838, -0.29404, -0.11351
3.90027, -0.29000, -0.11620
3.90215, -0.28594, -0.11890
3.90402, -0.28189, -0.12160
3.90587, -0.27784, -0.12430
3.90772, -0.27379, -0.12700
3.90955, -0.26973, -0.12969
3.91137, -0.26568, -0.13239
3.91318, -0.26162, -0.13508
3.91498, -0.25756, -0.13778
3.91676, -0.25351, -0.14047
3.91854, -0.24945, -0.14317
3.92030, -0.24539, -0.14586
3.92205, -0.24133, -0.14856
3.92378, -0.23727, -0.15125
3.92551, -0.23320, -0.15394
3.92723, -0.22914, -0.15663
3.92893, -0.22508, -0.15933
3.93062, -0.22101, -0.16202
3.93230, -0.21695, -0.16471
3.93397, -0.21288, -0.16740
3.93562, -0.20881, -0.17009
3.93727, -0.20475, -0.17277
3.93890, -0.20068, -0.17546
3.94052, -0.19661, -0.17815
3.94213, -0.19254, -0.18084
3.94373, -0.18847, -0.18352
3.94532, -0.18440, -0.18621
3.94689, -0.18033, -0.18889
3.94846, -0.17626, -0.19158
3.95001, -0.17218, -0.19426
3.95155, -0.16811, -0.19694
3.95308, -0.16404, -0.19963
3.95459, -0.15996, -0.20231
3.95610, -0.15589, -0.20499
3.95759, -0.15181, -0.20767
3.95907, -0.14774, -0.21035
3.96055, -0.14366, -0.21303
3.96200, -0.13959, -0.21571
3.96345, -0.13551, -0.21839
3.96489, -0.13143, -0.22106
3.96631, -0.12736, -0.22374
3.96772, -0.12328, -0.22641
3.96913, -0.11920, -0.22909
3.97051, -0.11512, -0.23176
3.97189, -0.11104, -0.23444
3.97326, -0.10696, -0.23711
3.97461, -0.10288, -0.23978
3.97596, -0.09880, -0.24245
3.97729, -0.09472, -0.24512
3.97861, -0.09064, -0.24779
3.97992, -0.08656, -0.25046
3.98122, -0.08248, -0.25312
3.98250, -0.07840, -0.25579
3.98378, -0.07432, -0.25846
3.98504, -0.07024, -0.26112
3.98629, -0.06616, -0.26379
3.98753, -0.06207, -0.26645
3.98876, -0.05799, -0.26911
3.98997, -0.05391, -0.27177
3.99118, -0.04983, -0.27443
3.99237, -0.04574, -0.27709
3.99356, -0.04166, -0.27975
3.99473, -0.03758, -0.28241
3.99589, -0.03350, -0.28506
3.99703, -0.02941, -0.28772
3.99817, -0.02533, -0.29037
3.99930, -0.02125, -0.29303
4.00041, -0.01716, -0.29568
4.00151, -0.01308, -0.29833
4.00260, -0.00900, -0.30098
4.00368, -0.00491, -0.30363
4.00475, -0.00083, -0.30628
4.00581, 0.00325, -0.30893
4.00685, 0.00734, -0.31157
4.00789, 0.01142, -0.31422
4.00891, 0.01550, -0.31686
4.00992, 0.01959, -0.31950
4.01092, 0.02367, -0.32215
4.01191, 0.02775, -0.32479
4.01289, 0.03184, -0.32743
4.01385, 0.03592, -0.33006
4.01481, 0.04000, -0.33270
4.01575, 0.04409, -0.33534
4.01669, 0.04817, -0.33797
4.01761, 0.05225, -0.34061
4.01852, 0.05633, -0.34324
4.01941, 0.06041, -0.34587
4.02030, 0.06450, -0.34850
4.02118, 0.06858, -0.35113
4.02204, 0.07266, -0.35376
4.02289, 0.07674, -0.35638
4.02374, 0.08082, -0.35901
4.02457, 0.08490, -0.36163
4.02539, 0.08898, -0.36426
4.02620, 0.09306, -0.36688
4.02699, 0.09715, -0.36950
4.02778, 0.10123, -0.37212
4.02855, 0.10530, -0.37474
4.02932, 0.10938, -0.37735
4.03007, 0.11346, -0.37997
4.03081, 0.11754, -0.38258
4.03154, 0.12162, -0.38519
4.03226, 0.12570, -0.38781
4.03297, 0.12978, -0.39042
4.03367, 0.13385, -0.39302
4.03435, 0.13793, -0.39563
4.03503, 0.14201, -0.39824
4.03569, 0.14608, -0.40084
4.03634, 0.15016, -0.40345
4.03698, 0.15424, -0.40605
4.03761, 0.15831, -0.40865
4.03823, 0.16239, -0.41125
4.03884, 0.16646, -0.41384
4.03944, 0.17053, -0.41644
4.04003, 0.17461, -0.41903
4.04060, 0.17868, -0.42163
4.04117, 0.18275, -0.42422
4.04172, 0.18682, -0.42681
4.04226, 0.19089, -0.42940
4.04279, 0.19497, -0.43199
4.04331, 0.19904, -0.43457
4.04382, 0.20311, -0.43716
4.04432, 0.20718, -0.43974
4.04481, 0.21124, -0.44232
4.04528, 0.21531, -0.44490
4.04575, 0.21938, -0.44748
4.04621, 0.22345, -0.45006
4.04665, 0.22751, -0.45263
4.04708, 0.23158, -0.45521
4.04750, 0.23564, -0.45778
4.04792, 0.23971, -0.46035
4.04832, 0.24377, -0.46292
4.04871, 0.24783, -0.46549
4.04908, 0.25190, -0.46805
4.04945, 0.25596, -0.47062
4.04981, 0.26002, -0.47318
4.05016, 0.26408, -0.47574
4.05049, 0.26814, -0.47830
4.05082, 0.27220, -0.48086
4.05113, 0.27626, -0.48342
4.05143, 0.28032, -0.48597
4.05173, 0.28437, -0.48853
4.05201, 0.28843, -0.49108
4.05228, 0.29248, -0.49363
4.05254, 0.29654, -0.49618
4.05279, 0.30059, -0.49873
4.05303, 0.30464, -0.50127
4.05325, 0.30870, -0.50382
4.05347, 0.31275, -0.50636
4.05368, 0.31680, -0.50890
4.05387, 0.32085, -0.51144
4.05406, 0.32490, -0.51397
4.05423, 0.32894, -0.51651
4.05440, 0.33299, -0.51904
4.05455, 0.33704, -0.52158
4.05469, 0.34108, -0.52411
4.05483, 0.34513, -0.52663
4.05495, 0.34917, -0.52916
4.05506, 0.35321, -0.53169
4.05516, 0.35725, -0.53421
4.05525, 0.36130, -0.53673
4.05533, 0.36534, -0.53925
4.05540, 0.36937, -0.54177
4.05546, 0.37341, -0.54429
4.05550, 0.37745, -0.54680
4.05554, 0.38148, -0.54931
4.05557, 0.38552, -0.55183
4.05558, 0.38955, -0.55433
4.05559, 0.39359, -0.55684
4.05558, 0.39762, -0.55935
4.05557, 0.40165, -0.56185
4.05554, 0.40568, -0.56435
4.05551, 0.40971, -0.56686
4.05546, 0.41373, -0.56935
4.05540, 0.41776, -0.57185
4.05534, 0.42178, -0.57435
4.05526, 0.42581, -0.57684
4.05517, 0.42983, -0.57933
4.05507, 0.43385, -0.58182
4.05496, 0.43787, -0.58431
4.05484, 0.44189, -0.58679
4.05471, 0.44591, -0.58928
4.05457, 0.44993, -0.59176
4.05442, 0.45394, -0.59424
4.05426, 0.45796, -0.59672
4.05409, 0.46197, -0.59920
4.05391, 0.46598, -0.60167
4.05372, 0.47000, -0.60414
4.05351, 0.47401, -0.60662
4.05330, 0.47801, -0.60909
4.05308, 0.48202, -0.61155
4.05285, 0.48603, -0.61402
4.05260, 0.49003, -0.61648
4.05235, 0.49404, -0.61894
4.05208, 0.49804, -0.62140
4.05181, 0.50204, -0.62386
4.05153, 0.50604, -0.62632
4.05123, 0.51004, -0.62877
4.05093, 0.51403, -0.63122
4.05061, 0.51803, -0.63367
4.05029, 0.52202, -0.63612
4.04995, 0.52601, -0.63857
4.04961, 0.53001, -0.64101
4.04925, 0.53400, -0.64346
4.04889, 0.53798, -0.64590
4.04851, 0.54197, -0.64834
4.04812, 0.54596, -0.65077
4.04773, 0.54994, -0.65321
4.04732, 0.55392, -0.65564
4.04691, 0.55790, -0.65807
4.04648, 0.56188, -0.66050
4.04604, 0.56586, -0.66293
4.04560, 0.56984, -0.66535
4.04514, 0.57381, -0.66777
4.04467, 0.57779, -0.67019
4.04420, 0.58176, -0.67261
4.04371, 0.58573, -0.67503
4.04321, 0.58970, -0.67745
4.04271, 0.59367, -0.67986
4.04219, 0.59763, -0.68227
4.04166, 0.60160, -0.68468
4.04112, 0.60556, -0.68709
4.04058, 0.60952, -0.68949
4.04002, 0.61348, -0.69189
4.03945, 0.61744, -0.69429
4.03888, 0.62139, -0.69669
4.03829, 0.62535, -0.69909
4.03769, 0.62930, -0.70148
4.03709, 0.63325, -0.70388
4.03647, 0.63720, -0.70627
4.03584, 0.64115, -0.70866
4.03521, 0.64509, -0.71104
4.03456, 0.64904, -0.71343
4.03390, 0.65298, -0.71581
4.03324, 0.65692, -0.71819
4.03256, 0.66086, -0.72057
4.03187, 0.66480, -0.72295
4.03118, 0.66873, -0.72532
4.03047, 0.67267, -0.72769
4.02976, 0.67660, -0.73006
4.02903, 0.68053, -0.73243
4.02829, 0.68446, -0.73480
4.02755, 0.68838, -0.73716
4.02679, 0.69231, -0.73952
4.02603, 0.69623, -0.74188
4.02525, 0.70015, -0.74424
4.02447, 0.70407, -0.74659
4.02367, 0.70799, -0.74895
4.02287, 0.71190, -0.75130
4.02206, 0.71581, -0.75365
4.02123, 0.71972, -0.75599
4.02040, 0.72363, -0.75834
4.01955, 0.72754, -0.76068
4.01870, 0.73144, -0.76302
4.01784, 0.73535, -0.76536
4.01697, 0.73925, -0.76770
4.01608, 0.74315, -0.77003
4.01519, 0.74704, -0.77236
4.01429, 0.75094, -0.77469
4.01338, 0.75483, -0.77702
4.01245, 0.75872, -0.77935
4.01152, 0.76261, -0.78167
4.01058, 0.76650, -0.78399
4.00963, 0.77038, -0.78631
4.00867, 0.77427, -0.78863
4.00770, 0.77815, -0.79094
4.00672, 0.78202, -0.79325
4.00573, 0.78590, -0.79556
4.00473, 0.78977, -0.79787
4.00372, 0.79365, -0.80018
4.00270, 0.79751, -0.80248
4.00168, 0.80138, -0.80478
4.00064, 0.80525, -0.80708
3.99959, 0.80911, -0.80938
3.99853, 0.81297, -0.81167
3.99746, 0.81683, -0.81396
3.99639, 0.82068, -0.81625
3.99530, 0.82454, -0.81854
3.99420, 0.82839, -0.82083
3.99310, 0.83224, -0.82311
3.99198, 0.83609, -0.82539
3.99086, 0.83993, -0.82767
3.98972, 0.84377, -0.82995
3.98858, 0.84761, -0.83222
3.98742, 0.85145, -0.83449
3.98626, 0.85528, -0.83676
3.98509, 0.85912, -0.83903
3.98390, 0.86295, -0.84129
3.98271, 0.86678, -0.84356
3.98151, 0.87060, -0.84582
3.98030, 0.87442, -0.84808
3.97908, 0.87824, -0.85033
3.97784, 0.88206, -0.85258
3.97660, 0.88588, -0.85484
3.97535, 0.88969, -0.85708
3.97409, 0.89350, -0.85933
3.97282, 0.89731, -0.86157
3.97154, 0.90112, -0.86382
3.97026, 0.90492, -0.86605
3.96896, 0.90872, -0.86829
3.96765, 0.91252, -0.87053
3.96633, 0.91631, -0.87276
3.96500, 0.92011, -0.87499
3.96367, 0.92390, -0.87721
3.96232, 0.92768, -0.87944
3.96097, 0.93147, -0.88166
3.95960, 0.93525, -0.88388
3.95822, 0.93903, -0.88610
3.95684, 0.94281, -0.88831
3.95545, 0.94658, -0.89052
3.95404, 0.95036, -0.89273
3.95263, 0.95413, -0.89494
3.95121, 0.95789, -0.89715
3.94977, 0.96166, -0.89935
3.94833, 0.96542, -0.90155
3.94688, 0.96918, -0.90375
3.94542, 0.97294, -0.90594
3.94395, 0.97669, -0.90813
3.94247, 0.98044, -0.91032
3.94098, 0.98419, -0.91251
3.93948, 0.98793, -0.91469
3.93797, 0.99168, -0.91688
3.93646, 0.99542, -0.91906
3.93493, 0.99915, -0.92123
3.93339, 1.00289, -0.92341
3.93185, 1.00662, -0.92558
3.93029, 1.01035, -0.92775
3.92872, 1.01408, -0.92992
3.92715, 1.01780, -0.93208
3.92557, 1.02152, -0.93424
3.92397, 1.02524, -0.93640
3.92237, 1.02895, -0.93856
3.92076, 1.03267, -0.94072
3.91914, 1.03638, -0.94287
3.91751, 1.04008, -0.94502
3.91587, 1.04379, -0.94716
3.91422, 1.04749, -0.94931
3.91256, 1.05119, -0.95145
3.91089, 1.05488, -0.95359
3.90921, 1.05857, -0.95572
3.90752, 1.06226, -0.95786
3.90583, 1.06595, -0.95999
3.90412, 1.06963, -0.96211
3.90241, 1.07331, -0.96424
3.90068, 1.07699, -0.96636
3.89895, 1.08066, -0.96848
3.89720, 1.08433, -0.97060
3.89545, 1.08800, -0.97272
3.89369, 1.09167, -0.97483
3.89192, 1.09533, -0.97694
3.89014, 1.09899, -0.97904
3.88835, 1.10264, -0.98115
3.88655, 1.10629, -0.98325
3.88474, 1.10994, -0.98535
3.88292, 1.11359, -0.98744
3.88109, 1.11723, -0.98954
3.87926, 1.12087, -0.99163
3.87741, 1.12451, -0.99371
3.87555, 1.12815, -0.99580
3.87369, 1.13178, -0.99788
3.87182, 1.13540, -0.99996
3.86993, 1.13903, -1.00203
3.86804, 1.14265, -1.00411
3.86614, 1.14627, -1.00618
3.86423, 1.14988, -1.00825
3.86231, 1.15349, -1.01031
3.86038, 1.15710, -1.01237
3.85844, 1.16071, -1.01443
3.85649, 1.16431, -1.01649
3.85453, 1.16791, -1.01854
3.85256, 1.17150, -1.02059
3.85059, 1.17509, -1.02264
3.84860, 1.17868, -1.02469
3.84661, 1.18227, -1.02673
3.84460, 1.18585, -1.02877
3.84259, 1.18943, -1.03080
3.84057, 1.19300, -1.03284
3.83853, 1.19657, -1.03487
3.83649, 1.20014, -1.03689
3.83444, 1.20371, -1.03892
3.83238, 1.20727, -1.04094
3.83031, 1.21083, -1.04296
3.82823, 1.21438, -1.04497
3.82615, 1.21793, -1.04699
3.82405, 1.22148, -1.04899
3.82194, 1.22503, -1.05100
3.81983, 1.22857, -1.05300
3.81771, 1.23210, -1.05500
3.81557, 1.23564, -1.05700
3.81343, 1.23917, -1.05900
3.81128, 1.24270, -1.06099
3.80912, 1.24622, -1.06298
3.80695, 1.24974, -1.06496
3.80477, 1.25326, -1.06694
3.80258, 1.25677, -1.06892
3.80038, 1.26028, -1.07090
3.79817, 1.26379, -1.07287
3.79596, 1.26729, -1.07484
3.79373, 1.27079, -1.07681
3.79150, 1.27428, -1.07877
3.78925, 1.27777, -1.08073
3.78700, 1.28126, -1.08269
3.78474, 1.28475, -1.08464
3.78246, 1.28823, -1.08659
3.78018, 1.29170, -1.08854
3.77789, 1.29518, -1.09049
3.77560, 1.29865, -1.09243
3.77329, 1.30211, -1.09436
3.77097, 1.30558, -1.09630
3.76864, 1.30904, -1.09823
3.76631, 1.31249, -1.10016
3.76396, 1.31594, -1.10209
3.76161, 1.31939, -1.10401
3.75925, 1.32283, -1.10593
3.75688, 1.32627, -1.10784
3.75450, 1.32971, -1.10976
3.75211, 1.33314, -1.11166
3.74971, 1.33657, -1.11357
3.74730, 1.34000, -1.11547
3.74488, 1.34342, -1.11737
3.74245, 1.34684, -1.11927
3.74002, 1.35025, -1.12116
3.73758, 1.35366, -1.12305
3.73512, 1.35707, -1.12494
3.73266, 1.36047, -1.12682
3.73019, 1.36387, -1.12870
3.72771, 1.36727, -1.13058
3.72522, 1.37066, -1.13245
3.72272, 1.37405, -1.13432
3.72021, 1.37743, -1.13619
3.71769, 1.38081, -1.13805
3.71517, 1.38418, -1.13991
3.71263, 1.38756, -1.14177
3.71009, 1.39092, -1.14362
3.70754, 1.39429, -1.14547
3.70497, 1.39765, -1.14731
3.70240, 1.40101, -1.14916
3.69982, 1.40436, -1.15100
3.69723, 1.40771, -1.15283
3.69464, 1.41105, -1.15467
3.69203, 1.41439, -1.15649
3.68941, 1.41773, -1.15832
3.68679, 1.42106, -1.16014
3.68415, 1.42439, -1.16196
3.68151, 1.42771, -1.16378
3.67886, 1.43103, -1.16559
3.67620, 1.43435, -1.16740
3.67353, 1.43766, -1.16920
3.67085, 1.44097, -1.17100
3.66816, 1.44428, -1.17280
3.66547, 1.44758, -1.17460
3.66276, 1.45087, -1.17639
3.66005, 1.45417, -1.17818
3.65732, 1.45745, -1.17996
3.65459, 1.46074, -1.18174
3.65185, 1.46402, -1.18352
3.64910, 1.46729, -1.18529
3.64634, 1.47057, -1.18706
3.64357, 1.47383, -1.18883
3.64080, 1.47710, -1.19059
3.63801, 1.48036, -1.19235
3.63522, 1.48361, -1.19411
3.63241, 1.48686, -1.19586
3.62960, 1.49011, -1.19761
3.62678, 1.49335, -1.19935
3.62395, 1.49659, -1.20110
3.62111, 1.49983, -1.20283
3.61826, 1.50306, -1.20457
3.61541, 1.50628, -1.20630
3.61254, 1.50950, -1.20803
3.60967, 1.51272, -1.20975
3.60679, 1.51593, -1.21147
3.60389, 1.51914, -1.21319
3.60099, 1.52235, -1.21490
3.59808, 1.52555, -1.21661
3.59517, 1.52874, -1.21832
3.59224, 1.53194, -1.22002
3.58930, 1.53512, -1.22172
3.58636, 1.53831, -1.22341
3.58340, 1.54149, -1.22510
3.58044, 1.54466, -1.22679
3.57747, 1.54783, -1.22847
3.57449, 1.55100, -1.23016
3.57150, 1.55416, -1.23183
3.56851, 1.55732, -1.23350
3.56550, 1.56047, -1.23517
3.56249, 1.56362, -1.23684
3.55946, 1.56676, -1.23850
3.55643, 1.56990, -1.24016
3.55339, 1.57304, -1.24181
3.55034, 1.57617, -1.24346
3.54728, 1.57929, -1.24511
3.54421, 1.58242, -1.24675
3.54114, 1.58553, -1.24839
3.53805, 1.58865, -1.25003
3.53496, 1.59175, -1.25166
3.53186, 1.59486, -1.25329
3.52875, 1.59796, -1.25491
3.52563, 1.60105, -1.25654
3.52250, 1.60414, -1.25815
3.51936, 1.60723, -1.25977
3.51622, 1.61031, -1.26137
3.51306, 1.61339, -1.26298
3.50990, 1.61646, -1.26458
3.50673, 1.61953, -1.26618
3.50355, 1.62259, -1.26778
3.50036, 1.62565, -1.26937
3.49716, 1.62870, -1.27095
3.49396, 1.63175, -1.27254
3.49074, 1.63480, -1.27411
3.48752, 1.63784, -1.27569
3.48429, 1.64087, -1.27726
3.48105, 1.64390, -1.27883
3.47780, 1.64693, -1.28039
3.47454, 1.64995, -1.28195
3.47127, 1.65297, -1.28351
3.46800, 1.65598, -1.28506
3.46472, 1.65899, -1.28661
3.46142, 1.66199, -1.28816
3.45812, 1.66499, -1.28970
3.45481, 1.66798, -1.29123
3.45150, 1.67097, -1.29277
3.44817, 1.67395, -1.29430
3.44484, 1.67693, -1.29582
3.44149, 1.67990, -1.29734
3.43814, 1.68287, -1.29886
3.43478, 1.68584, -1.30037
3.43141, 1.68880, -1.30188
3.42803, 1.69175, -1.30339
3.42465, 1.69470, -1.30489
3.42125, 1.69765, -1.30639
3.41785, 1.70059, -1.30788
3.41444, 1.70352, -1.30937
3.41102, 1.70645, -1.31086
3.40759, 1.70938, -1.31234
3.40415, 1.71230, -1.31382
3.40071, 1.71522, -1.31530
3.39725, 1.71813, -1.31677
3.39379, 1.72103, -1.31823
3.39032, 1.72393, -1.31970
3.38684, 1.72683, -1.32116
3.38335, 1.72972, -1.32261
3.37985, 1.73261, -1.32406
3.37635, 1.73549, -1.32551
3.37283, 1.73836, -1.32695
3.36931, 1.74123, -1.32839
3.36578, 1.74410, -1.32982
3.36224, 1.74696, -1.33126
3.35870, 1.74981, -1.33268
3.35514, 1.75267, -1.33411
3.35158, 1.75551, -1.33552
3.34800, 1.75835, -1.33694
3.34442, 1.76119, -1.33835
3.34083, 1.76402, -1.33976
3.33724, 1.76684, -1.34116
3.33363, 1.76966, -1.34256
3.33001, 1.77248, -1.34395
3.32639, 1.77529, -1.34535
3.32276, 1.77809, -1.34673
3.31912, 1.78089, -1.34811
3.31547, 1.78368, -1.34949
3.31182, 1.78647, -1.35087
3.30815, 1.78925, -1.35224
3.30448, 1.79203, -1.35361
3.30080, 1.79480, -1.35497
3.29711, 1.79757, -1.35633
3.29341, 1.80033, -1.35768
3.28970, 1.80309, -1.35903
3.28599, 1.80584, -1.36038
3.28226, 1.80859, -1.36172
3.27853, 1.81133, -1.36306
3.27479, 1.81406, -1.36439
3.27104, 1.81679, -1.36572
3.26729, 1.81952, -1.36705
3.26352, 1.82224, -1.36837
3.25975, 1.82495, -1.36968
3.25597, 1.82766, -1.37100
3.25218, 1.83036, -1.37231
3.24838, 1.83306, -1.37361
3.24457, 1.83575, -1.37491
3.24076, 1.83844, -1.37621
3.23693, 1.84112, -1.37750
3.23310, 1.84379, -1.37879
3.22926, 1.84646, -1.38007
3.22541, 1.84913, -1.38135
3.22156, 1.85178, -1.38263
3.21769, 1.85444, -1.38390
3.21382, 1.85708, -1.38517
3.20994, 1.85973, -1.38643
3.20605, 1.86236, -1.38769
3.20215, 1.86499, -1.38894
3.19825, 1.86762, -1.39019
3.19433, 1.87024, -1.39144
3.19041, 1.87285, -1.39268
3.18648, 1.87546, -1.39392
3.18254, 1.87806, -1.39515
3.17859, 1.88065, -1.39638
3.17464, 1.88324, -1.39761
3.17068, 1.88583, -1.39883
3.16670, 1.88841, -1.40004
3.16272, 1.89098, -1.40125
3.15874, 1.89355, -1.40246
3.15474, 1.89611, -1.40366
3.15074, 1.89866, -1.40486
3.14672, 1.90121, -1.40606
3.14270, 1.90375, -1.40725
3.13867, 1.90629, -1.40843
3.13464, 1.90882, -1.40961
3.13059, 1.91135, -1.41079
3.12654, 1.91387, -1.41196
3.12247, 1.91638, -1.41313
3.11840, 1.91889, -1.41430
3.11433, 1.92139, -1.41545
3.11024, 1.92388, -1.41661
3.10615, 1.92637, -1.41776
3.10204, 1.92886, -1.41891
3.09793, 1.93133, -1.42005
3.09381, 1.93381, -1.42118
3.08969, 1.93627, -1.42232
3.08555, 1.93873, -1.42344
3.08141, 1.94118, -1.42457
3.07726, 1.94363, -1.42569
3.07310, 1.94607, -1.42680
3.06893, 1.94850, -1.42791
3.06475, 1.95093, -1.42902
3.06057, 1.95335, -1.43012
3.05638, 1.95577, -1.43121
3.05217, 1.95818, -1.43231
3.04797, 1.96058, -1.43339
3.04375, 1.96298, -1.43448
3.03953, 1.96537, -1.43555
3.03529, 1.96776, -1.43663
3.03105, 1.97014, -1.43770
3.02680, 1.97251, -1.43876
3.02255, 1.97487, -1.43982
3.01828, 1.97723, -1.44087
3.01401, 1.97959, -1.44193
3.00973, 1.98193, -1.44297
3.00544, 1.98427, -1.44401
3.00114, 1.98661, -1.44505
2.99683, 1.98894, -1.44608
2.99252, 1.99126, -1.44711
2.98820, 1.99357, -1.44813
2.98387, 1.99588, -1.44915
2.97953, 1.99818, -1.45016
2.97519, 2.00048, -1.45117
2.97083, 2.00277, -1.45217
2.96647, 2.00505, -1.45317
2.96210, 2.00733, -1.45417
2.95772, 2.00959, -1.45516
2.95334, 2.01186, -1.45614
2.94895, 2.01411, -1.45712
2.94454, 2.01636, -1.45810
2.94014, 2.01861, -1.45907
2.93572, 2.02084, -1.46004
2.93129, 2.02307, -1.46100
2.92686, 2.02530, -1.46195
2.92242, 2.02751, -1.46291
2.91797, 2.02972, -1.46385
2.91351, 2.03193, -1.46479
2.90905, 2.03412, -1.46573
2.90458, 2.03631, -1.46666
2.90010, 2.03849, -1.46759
2.89561, 2.04067, -1.46851
2.89111, 2.04284, -1.46943
2.88661, 2.04500, -1.47034
2.88210, 2.04716, -1.47125
2.87758, 2.04931, -1.47215
2.87305, 2.05145, -1.47305
2.86851, 2.05358, -1.47395
2.86397, 2.05571, -1.47483
2.85942, 2.05783, -1.47572
2.85486, 2.05995, -1.47659
2.85029, 2.06205, -1.47747
2.84572, 2.06415, -1.47834
2.84113, 2.06625, -1.47920
2.83654, 2.06833, -1.48006
2.83195, 2.07041, -1.48091
2.82734, 2.07249, -1.48176
2.82273, 2.07455, -1.48260
2.81811, 2.07661, -1.48344
2.81348, 2.07866, -1.48427
2.80884, 2.08070, -1.48510
2.80419, 2.08274, -1.48592
2.79954, 2.08477, -1.48674
2.79488, 2.08679, -1.48755
2.79021, 2.08881, -1.48836
2.78554, 2.09082, -1.48916
2.78085, 2.09282, -1.48996
2.77616, 2.09481, -1.49075
2.77146, 2.09680, -1.49154
2.76676, 2.09878, -1.49232
2.76204, 2.10075, -1.49309
2.75732, 2.10271, -1.49386
2.75259, 2.10467, -1.49463
2.74786, 2.10662, -1.49539
2.74311, 2.10856, -1.49614
2.73836, 2.11050, -1.49689
2.73360, 2.11243, -1.49764
2.72883, 2.11435, -1.49838
2.72405, 2.11626, -1.49911
2.71927, 2.11816, -1.49984
2.71448, 2.12006, -1.50056
2.70968, 2.12195, -1.50128
2.70487, 2.12384, -1.50199
2.70006, 2.12571, -1.50270
2.69524, 2.12758, -1.50340
2.69041, 2.12944, -1.50410
2.68557, 2.13130, -1.50479
2.68073, 2.13314, -1.50547
2.67588, 2.13498, -1.50615
2.67102, 2.13681, -1.50683
2.66615, 2.13863, -1.50750
2.66128, 2.14045, -1.50816
2.65639, 2.14226, -1.50882
2.65150, 2.14406, -1.50947
2.64661, 2.14585, -1.51012
2.64170, 2.14763, -1.51076
2.63679, 2.14941, -1.51139
2.63187, 2.15118, -1.51203
2.62694, 2.15294, -1.51265
2.62201, 2.15469, -1.51327
2.61707, 2.15644, -1.51388
2.61212, 2.15818, -1.51449
2.60716, 2.15991, -1.51509
2.60219, 2.16163, -1.51569
2.59722, 2.16334, -1.51628
2.59224, 2.16505, -1.51687
2.58725, 2.16675, -1.51744
2.58226, 2.16844, -1.51802
2.57726, 2.17012, -1.51859
2.57225, 2.17180, -1.51915
2.56723, 2.17347, -1.51971
2.56221, 2.17512, -1.52026
2.55717, 2.17678, -1.52080
2.55213, 2.17842, -1.52134
2.54709, 2.18005, -1.52188
2.54203, 2.18168, -1.52240
2.53697, 2.18330, -1.52293
2.53190, 2.18491, -1.52344
2.52683, 2.18651, -1.52395
2.52174, 2.18811, -1.52446
2.51665, 2.18969, -1.52496
2.51155, 2.19127, -1.52545
