0.00000, -0.00080, -0.00070
0.00007, -0.00880, -0.00770
0.00026, -0.01680, -0.01470
0.00058, -0.02479, -0.02169
0.00101, -0.03278, -0.02868
0.00156, -0.04076, -0.03566
0.00223, -0.04873, -0.04264
0.00302, -0.05669, -0.04960
0.00393, -0.06463, -0.05655
0.00497, -0.07256, -0.06349
0.00612, -0.08047, -0.07041
0.00739, -0.08836, -0.07732
0.00877, -0.09623, -0.08421
0.01028, -0.10408, -0.09108
0.01191, -0.11191, -0.09792
0.01365, -0.11970, -0.10475
0.01552, -0.12747, -0.11155
0.01750, -0.13521, -0.11832
0.01960, -0.14292, -0.12507
0.02182, -0.15059, -0.13179
0.02416, -0.15822, -0.13847
0.02661, -0.16582, -0.14513
0.02918, -0.17338, -0.15175
0.03187, -0.18090, -0.15834
0.03467, -0.18838, -0.16490
0.03759, -0.19581, -0.17141
0.04063, -0.20319, -0.17789
0.04378, -0.21053, -0.18433
0.04704, -0.21782, -0.19073
0.05042, -0.22505, -0.19709
0.05392, -0.23224, -0.20340
0.05752, -0.23937, -0.20967
0.06124, -0.24644, -0.21589
0.06508, -0.25346, -0.22207
0.06902, -0.26041, -0.22821
0.07308, -0.26731, -0.23429
0.07724, -0.27414, -0.24032
0.08152, -0.28091, -0.24631
0.08590, -0.28762, -0.25224
0.09040, -0.29425, -0.25812
0.09500, -0.30082, -0.26395
0.09971, -0.30732, -0.26972
0.10452, -0.31375, -0.27544
0.10944, -0.32011, -0.28111
0.11447, -0.32639, -0.28671
0.11960, -0.33259, -0.29226
0.12483, -0.33872, -0.29775
0.13017, -0.34477, -0.30319
0.13561, -0.35075, -0.30856
0.14115, -0.35664, -0.31387
0.14679, -0.36245, -0.31913
0.15252, -0.36817, -0.32432
0.15836, -0.37381, -0.32944
0.16429, -0.37936, -0.33451
0.17032, -0.38483, -0.33951
0.17644, -0.39021, -0.34445
0.18266, -0.39550, -0.34932
0.18897, -0.40069, -0.35413
0.19538, -0.40580, -0.35887
0.20187, -0.41081, -0.36354
0.20845, -0.41573, -0.36814
0.21513, -0.42055, -0.37268
0.22189, -0.42527, -0.37715
0.22874, -0.42989, -0.38155
0.23567, -0.43442, -0.38588
0.24268, -0.43884, -0.39014
0.24978, -0.44316, -0.39433
0.25696, -0.44738, -0.39845
0.26423, -0.45150, -0.40249
0.27157, -0.45551, -0.40646
0.27899, -0.45941, -0.41037
0.28648, -0.46321, -0.41419
0.29405, -0.46690, -0.41795
0.30170, -0.47048, -0.42163
0.30942, -0.47395, -0.42523
0.31721, -0.47730, -0.42876
0.32507, -0.48055, -0.43221
0.33300, -0.48368, -0.43559
0.34100, -0.48670, -0.43889
0.34906, -0.48960, -0.44212
0.35719, -0.49238, -0.44526
0.36538, -0.49504, -0.44833
0.37363, -0.49759, -0.45132
0.38194, -0.50002, -0.45424
0.39032, -0.50233, -0.45707
0.39874, -0.50451, -0.45982
0.40723, -0.50657, -0.46250
0.41577, -0.50851, -0.46509
0.42436, -0.51032, -0.46760
0.43300, -0.51201, -0.47004
0.44169, -0.51357, -0.47239
0.45044, -0.51501, -0.47466
0.45922, -0.51631, -0.47684
0.46805, -0.51749, -0.47895
0.47693, -0.51853, -0.48097
0.48584, -0.51945, -0.48291
0.49480, -0.52023, -0.48476
0.50379, -0.52088, -0.48653
0.51282, -0.52139, -0.48822
0.52188, -0.52178, -0.48982
0.53098, -0.52202, -0.49133
0.54010, -0.52213, -0.49277
0.54926, -0.52210, -0.49411
0.55844, -0.52193, -0.49537
0.56765, -0.52162, -0.49654
0.57688, -0.52118, -0.49763
0.58613, -0.52059, -0.49863
0.59540, -0.51986, -0.49954
0.60468, -0.51899, -0.50037
0.61399, -0.51797, -0.50110
0.62330, -0.51682, -0.50175
0.63263, -0.51551, -0.50231
0.64196, -0.51406, -0.50278
0.65131, -0.51246, -0.50317
0.66065, -0.51072, -0.50346
0.67000, -0.50883, -0.50366
0.67935, -0.50679, -0.50378
0.68870, -0.50460, -0.50380
0.69804, -0.50226, -0.50373
0.70738, -0.49977, -0.50358
0.71671, -0.49712, -0.50333
0.72602, -0.49433, -0.50299
0.73533, -0.49138, -0.50256
0.74461, -0.48828, -0.50204
0.75388, -0.48502, -0.50143
0.76312, -0.48161, -0.50072
0.77235, -0.47804, -0.49992
0.78154, -0.47432, -0.49904
0.79071, -0.47044, -0.49806
0.79984, -0.46640, -0.49698
0.80894, -0.46221, -0.49582
0.81801, -0.45786, -0.49456
0.82703, -0.45334, -0.49321
0.83601, -0.44867, -0.49176
0.84494, -0.44384, -0.49023
0.85383, -0.43885, -0.48860
0.86266, -0.43370, -0.48687
0.87144, -0.42839, -0.48506
0.88016, -0.42291, -0.48315
0.88882, -0.41728, -0.48115
0.89742, -0.41148, -0.47905
0.90595, -0.40553, -0.47686
0.91440, -0.39941, -0.47458
0.92279, -0.39312, -0.47221
0.93109, -0.38668, -0.46974
0.93932, -0.38007, -0.46719
0.94746, -0.37330, -0.46453
0.95552, -0.36637, -0.46179
0.96348, -0.35927, -0.45896
0.97135, -0.35201, -0.45603
0.97912, -0.34460, -0.45301
0.98679, -0.33701, -0.44990
0.99435, -0.32927, -0.44670
1.00180, -0.32137, -0.44341
1.00914, -0.31330, -0.44003
1.01636, -0.30507, -0.43656
1.02346, -0.29669, -0.43300
1.03044, -0.28814, -0.42935
1.03728, -0.27944, -0.42561
1.04400, -0.27058, -0.42178
1.05057, -0.26156, -0.41787
1.05701, -0.25238, -0.41387
1.06329, -0.24305, -0.40979
1.06943, -0.23357, -0.40562
1.07541, -0.22393, -0.40137
1.08124, -0.21414, -0.39703
1.08690, -0.20419, -0.39262
1.09239, -0.19410, -0.38812
1.09771, -0.18387, -0.38354
1.10285, -0.17348, -0.37888
1.10781, -0.16295, -0.37414
1.11259, -0.15228, -0.36932
1.11717, -0.14147, -0.36443
1.12156, -0.13052, -0.35947
1.12576, -0.11943, -0.35443
1.12974, -0.10821, -0.34932
1.13352, -0.09686, -0.34414
1.13708, -0.08538, -0.33889
1.14043, -0.07378, -0.33358
1.14355, -0.06205, -0.32820
1.14645, -0.05020, -0.32276
1.14911, -0.03823, -0.31725
1.15153, -0.02615, -0.31169
1.15372, -0.01396, -0.30607
1.15565, -0.00166, -0.30039
1.15734, 0.01074, -0.29466
1.15877, 0.02324, -0.28888
1.15995, 0.03583, -0.28305
1.16086, 0.04851, -0.27718
1.16150, 0.06128, -0.27126
1.16186, 0.07413, -0.26530
1.16196, 0.08706, -0.25930
1.16177, 0.10006, -0.25327
1.16129, 0.11312, -0.24721
1.16053, 0.12625, -0.24111
1.15948, 0.13943, -0.23499
1.15813, 0.15266, -0.22885
1.15648, 0.16593, -0.22268
1.15453, 0.17925, -0.21650
1.15227, 0.19259, -0.21031
1.14971, 0.20596, -0.20411
1.14683, 0.21935, -0.19790
1.14364, 0.23275, -0.19169
1.14014, 0.24616, -0.18548
1.13632, 0.25956, -0.17927
1.13217, 0.27296, -0.17307
1.12771, 0.28634, -0.16689
1.12293, 0.29970, -0.16072
1.11782, 0.31303, -0.15457
1.11238, 0.32632, -0.14845
1.10662, 0.33956, -0.14236
1.10054, 0.35275, -0.13629
1.09413, 0.36588, -0.13027
1.08739, 0.37894, -0.12429
1.08034, 0.39192, -0.11835
1.07295, 0.40481, -0.11246
1.06525, 0.41762, -0.10662
1.05723, 0.43032, -0.10085
1.04889, 0.44291, -0.09513
1.04023, 0.45538, -0.08948
1.03126, 0.46773, -0.08390
1.02198, 0.47994, -0.07840
1.01240, 0.49202, -0.07297
1.00251, 0.50394, -0.06763
0.99232, 0.51571, -0.06237
0.98184, 0.52731, -0.05721
0.97107, 0.53874, -0.05213
0.96002, 0.54998, -0.04716
0.94869, 0.56105, -0.04229
0.93708, 0.57191, -0.03752
0.92521, 0.58258, -0.03286
0.91307, 0.59304, -0.02831
0.90069, 0.60328, -0.02387
0.88805, 0.61331, -0.01956
0.87518, 0.62311, -0.01536
0.86207, 0.63267, -0.01129
0.84874, 0.64200, -0.00734
0.83519, 0.65108, -0.00352
0.82143, 0.65992, 0.00017
0.80747, 0.66850, 0.00372
0.79331, 0.67683, 0.00714
0.77898, 0.68489, 0.01042
0.76446, 0.69269, 0.01357
0.74978, 0.70022, 0.01657
0.73495, 0.70748, 0.01943
0.71996, 0.71446, 0.02215
0.70483, 0.72116, 0.02473
0.68958, 0.72759, 0.02716
0.67420, 0.73373, 0.02944
0.65871, 0.73959, 0.03158
0.64311, 0.74516, 0.03358
0.62742, 0.75044, 0.03543
0.61164, 0.75544, 0.03713
0.59579, 0.76015, 0.03868
0.57987, 0.76457, 0.04009
0.56389, 0.76871, 0.04135
0.54786, 0.77255, 0.04246
0.53178, 0.77611, 0.04343
0.51568, 0.77938, 0.04426
0.49955, 0.78236, 0.04494
0.48340, 0.78506, 0.04548
0.46724, 0.78748, 0.04588
0.45108, 0.78962, 0.04614
0.43493, 0.79147, 0.04626
0.41880, 0.79305, 0.04624
0.40268, 0.79435, 0.04609
0.38660, 0.79538, 0.04580
0.37055, 0.79614, 0.04538
0.35454, 0.79663, 0.04482
0.33859, 0.79686, 0.04414
0.32269, 0.79682, 0.04333
0.30685, 0.79653, 0.04239
0.29108, 0.79597, 0.04133
0.27539, 0.79517, 0.04015
0.25978, 0.79412, 0.03884
0.24425, 0.79283, 0.03742
0.22882, 0.79129, 0.03589
0.21348, 0.78951, 0.03424
0.19824, 0.78750, 0.03247
0.18311, 0.78526, 0.03060
0.16808, 0.78280, 0.02862
0.15318, 0.78011, 0.02654
0.13839, 0.77720, 0.02436
0.12373, 0.77408, 0.02207
0.10919, 0.77075, 0.01968
0.09479, 0.76721, 0.01720
0.08052, 0.76347, 0.01463
0.06638, 0.75953, 0.01196
0.05239, 0.75539, 0.00921
0.03854, 0.75107, 0.00637
0.02484, 0.74656, 0.00344
0.01129, 0.74187, 0.00043
-0.00211, 0.73700, -0.00266
-0.01535, 0.73196, -0.00582
-0.02844, 0.72674, -0.00907
-0.04137, 0.72137, -0.01238
-0.05414, 0.71583, -0.01577
-0.06674, 0.71013, -0.01923
-0.07918, 0.70427, -0.02275
-0.09145, 0.69827, -0.02634
-0.10356, 0.69212, -0.02999
-0.11549, 0.68583, -0.03371
-0.12726, 0.67940, -0.03748
-0.13885, 0.67284, -0.04131
-0.15027, 0.66614, -0.04520
-0.16151, 0.65932, -0.04913
-0.17258, 0.65237, -0.05312
-0.18347, 0.64530, -0.05716
-0.19419, 0.63812, -0.06125
-0.20472, 0.63082, -0.06538
-0.21508, 0.62342, -0.06955
-0.22526, 0.61590, -0.07377
-0.23526, 0.60829, -0.07802
-0.24508, 0.60057, -0.08232
-0.25472, 0.59276, -0.08665
-0.26418, 0.58486, -0.09102
-0.27346, 0.57686, -0.09542
-0.28256, 0.56878, -0.09985
-0.29147, 0.56062, -0.10431
-0.30021, 0.55238, -0.10880
-0.30876, 0.54405, -0.11331
-0.31713, 0.53566, -0.11785
-0.32533, 0.52719, -0.12242
-0.33334, 0.51866, -0.12700
-0.34117, 0.51006, -0.13161
-0.34882, 0.50139, -0.13624
-0.35629, 0.49267, -0.14088
-0.36358, 0.48389, -0.14554
-0.37069, 0.47505, -0.15022
-0.37762, 0.46616, -0.15491
-0.38437, 0.45722, -0.15961
-0.39095, 0.44824, -0.16432
-0.39734, 0.43921, -0.16904
-0.40356, 0.43014, -0.17377
-0.40960, 0.42103, -0.17851
-0.41547, 0.41189, -0.18325
-0.42116, 0.40271, -0.18800
-0.42667, 0.39349, -0.19275
-0.43201, 0.38425, -0.19751
-0.43718, 0.37498, -0.20226
-0.44217, 0.36568, -0.20701
-0.44699, 0.35636, -0.21177
-0.45164, 0.34702, -0.21652
-0.45611, 0.33767, -0.22127
-0.46042, 0.32829, -0.22601
-0.46456, 0.31890, -0.23075
-0.46852, 0.30950, -0.23548
-0.47232, 0.30008, -0.24020
-0.47595, 0.29066, -0.24492
-0.47942, 0.28123, -0.24962
-0.48272, 0.27180, -0.25432
-0.48585, 0.26236, -0.25900
-0.48882, 0.25293, -0.26367
-0.49163, 0.24349, -0.26833
-0.49427, 0.23405, -0.27298
-0.49675, 0.22463, -0.27760
-0.49907, 0.21520, -0.28222
-0.50123, 0.20579, -0.28681
-0.50323, 0.19638, -0.29139
-0.50508, 0.18699, -0.29595
-0.50676, 0.17761, -0.30049
-0.50829, 0.16824, -0.30501
-0.50966, 0.15889, -0.30951
-0.51088, 0.14956, -0.31398
-0.51195, 0.14025, -0.31844
-0.51286, 0.13096, -0.32287
-0.51362, 0.12169, -0.32727
-0.51422, 0.11244, -0.33165
-0.51468, 0.10322, -0.33601
-0.51499, 0.09403, -0.34033
-0.51515, 0.08487, -0.34464
-0.51517, 0.07574, -0.34891
-0.51503, 0.06664, -0.35315
-0.51475, 0.05757, -0.35737
-0.51433, 0.04854, -0.36155
-0.51376, 0.03954, -0.36570
-0.51305, 0.03058, -0.36983
-0.51220, 0.02166, -0.37392
-0.51121, 0.01277, -0.37797
-0.51008, 0.00393, -0.38199
-0.50880, -0.00486, -0.38598
-0.50740, -0.01362, -0.38994
-0.50585, -0.02233, -0.39386
-0.50417, -0.03099, -0.39774
-0.50235, -0.03961, -0.40158
-0.50040, -0.04817, -0.40539
-0.49832, -0.05669, -0.40916
-0.49610, -0.06515, -0.41289
-0.49375, -0.07356, -0.41658
-0.49127, -0.08192, -0.42024
-0.48867, -0.09022, -0.42385
-0.48593, -0.09847, -0.42742
-0.48307, -0.10666, -0.43095
-0.48008, -0.11479, -0.43443
-0.47697, -0.12286, -0.43787
-0.47373, -0.13087, -0.44127
-0.47037, -0.13882, -0.44463
-0.46688, -0.14670, -0.44794
-0.46328, -0.15452, -0.45121
-0.45955, -0.16228, -0.45443
-0.45571, -0.16996, -0.45760
-0.45174, -0.17758, -0.46073
-0.44766, -0.18513, -0.46381
-0.44347, -0.19261, -0.46684
-0.43915, -0.20002, -0.46982
-0.43473, -0.20736, -0.47276
-0.43019, -0.21462, -0.47564
-0.42554, -0.22181, -0.47848
-0.42077, -0.22893, -0.48126
-0.41590, -0.23597, -0.48400
-0.41092, -0.24293, -0.48668
-0.40583, -0.24981, -0.48931
-0.40063, -0.25661, -0.49188
-0.39533, -0.26333, -0.49440
-0.38992, -0.26997, -0.49687
-0.38441, -0.27652, -0.49929
-0.37879, -0.28300, -0.50165
-0.37307, -0.28938, -0.50395
-0.36726, -0.29568, -0.50620
-0.36134, -0.30190, -0.50839
-0.35532, -0.30802, -0.51053
-0.34921, -0.31406, -0.51260
-0.34300, -0.32001, -0.51462
-0.33670, -0.32586, -0.51658
-0.33030, -0.33163, -0.51848
-0.32380, -0.33730, -0.52033
-0.31722, -0.34287, -0.52211
-0.31055, -0.34835, -0.52383
-0.30378, -0.35374, -0.52549
-0.29693, -0.35902, -0.52709
-0.28999, -0.36421, -0.52863
-0.28296, -0.36930, -0.53010
-0.27585, -0.37429, -0.53151
-0.26866, -0.37918, -0.53286
-0.26138, -0.38396, -0.53414
-0.25402, -0.38864, -0.53536
-0.24659, -0.39322, -0.53651
-0.23907, -0.39769, -0.53760
-0.23147, -0.40205, -0.53862
-0.22380, -0.40631, -0.53958
-0.21606, -0.41046, -0.54046
-0.20824, -0.41449, -0.54128
-0.20035, -0.41842, -0.54204
-0.19238, -0.42224, -0.54272
-0.18435, -0.42594, -0.54333
-0.17625, -0.42953, -0.54388
-0.16808, -0.43300, -0.54435
-0.15984, -0.43636, -0.54475
-0.15155, -0.43960, -0.54508
-0.14318, -0.44273, -0.54534
-0.13476, -0.44573, -0.54553
-0.12628, -0.44862, -0.54564
-0.11774, -0.45138, -0.54568
-0.10914, -0.45402, -0.54565
-0.10048, -0.45654, -0.54554
-0.09178, -0.45893, -0.54536
-0.08302, -0.46120, -0.54510
-0.07420, -0.46334, -0.54477
-0.06534, -0.46536, -0.54436
-0.05643, -0.46725, -0.54387
-0.04748, -0.46900, -0.54331
-0.03848, -0.47063, -0.54267
-0.02944, -0.47213, -0.54195
-0.02036, -0.47349, -0.54115
-0.01123, -0.47472, -0.54027
-0.00208, -0.47581, -0.53931
0.00712, -0.47677, -0.53827
0.01635, -0.47759, -0.53715
0.02561, -0.47828, -0.53595
0.03490, -0.47882, -0.53466
0.04422, -0.47923, -0.53330
0.05356, -0.47949, -0.53185
0.06293, -0.47961, -0.53031
0.07232, -0.47959, -0.52870
0.08173, -0.47943, -0.52699
0.09116, -0.47912, -0.52521
0.10061, -0.47866, -0.52334
0.11006, -0.47806, -0.52138
0.11953, -0.47731, -0.51933
0.12901, -0.47640, -0.51720
0.13850, -0.47535, -0.51498
0.14799, -0.47415, -0.51268
0.15748, -0.47280, -0.51028
0.16697, -0.47129, -0.50780
0.17646, -0.46963, -0.50523
0.18594, -0.46781, -0.50257
0.19541, -0.46584, -0.49982
0.20488, -0.46371, -0.49697
0.21433, -0.46142, -0.49404
0.22376, -0.45897, -0.49102
0.23318, -0.45636, -0.48790
0.24257, -0.45359, -0.48470
0.25194, -0.45067, -0.48140
0.26128, -0.44757, -0.47800
0.27059, -0.44432, -0.47452
0.27986, -0.44090, -0.47094
0.28910, -0.43732, -0.46727
0.29830, -0.43357, -0.46351
0.30746, -0.42965, -0.45965
0.31656, -0.42557, -0.45570
0.32562, -0.42132, -0.45165
0.33462, -0.41690, -0.44751
0.34357, -0.41231, -0.44327
0.35245, -0.40755, -0.43894
0.36127, -0.40263, -0.43451
0.37003, -0.39753, -0.42999
0.37870, -0.39226, -0.42537
0.38731, -0.38682, -0.42066
0.39583, -0.38121, -0.41585
0.40427, -0.37543, -0.41095
0.41262, -0.36948, -0.40595
0.42087, -0.36335, -0.40086
0.42903, -0.35705, -0.39568
0.43709, -0.35058, -0.39039
0.44504, -0.34393, -0.38502
0.45288, -0.33712, -0.37955
0.46060, -0.33013, -0.37399
0.46821, -0.32297, -0.36833
0.47569, -0.31564, -0.36258
0.48304, -0.30814, -0.35674
0.49025, -0.30047, -0.35081
0.49733, -0.29263, -0.34478
0.50426, -0.28462, -0.33867
0.51104, -0.27645, -0.33246
0.51766, -0.26810, -0.32617
0.52413, -0.25959, -0.31979
0.53042, -0.25092, -0.31332
0.53655, -0.24209, -0.30677
0.54250, -0.23309, -0.30014
0.54827, -0.22393, -0.29341
0.55385, -0.21462, -0.28661
0.55923, -0.20515, -0.27973
0.56442, -0.19553, -0.27277
0.56939, -0.18576, -0.26573
0.57416, -0.17583, -0.25862
0.57871, -0.16577, -0.25143
0.58304, -0.15556, -0.24417
0.58714, -0.14520, -0.23684
0.59101, -0.13472, -0.22944
0.59463, -0.12410, -0.22198
0.59801, -0.11335, -0.21445
0.60113, -0.10248, -0.20687
0.60400, -0.09148, -0.19923
0.60661, -0.08037, -0.19153
0.60894, -0.06915, -0.18378
0.61100, -0.05781, -0.17598
0.61279, -0.04638, -0.16813
0.61428, -0.03485, -0.16025
0.61548, -0.02323, -0.15232
0.61639, -0.01152, -0.14436
0.61700, 0.00026, -0.13637
0.61730, 0.01212, -0.12835
0.61729, 0.02405, -0.12030
0.61697, 0.03604, -0.11224
0.61633, 0.04808, -0.10415
0.61536, 0.06016, -0.09606
0.61407, 0.07228, -0.08796
0.61244, 0.08444, -0.07986
0.61049, 0.09662, -0.07176
0.60820, 0.10881, -0.06367
0.60556, 0.12101, -0.05558
0.60259, 0.13320, -0.04752
0.59927, 0.14539, -0.03947
0.59561, 0.15756, -0.03145
0.59160, 0.16970, -0.02347
0.58725, 0.18180, -0.01552
0.58255, 0.19386, -0.00761
0.57750, 0.20586, 0.00025
0.57210, 0.21780, 0.00806
0.56636, 0.22967, 0.01581
0.56027, 0.24145, 0.02350
0.55384, 0.25314, 0.03112
0.54707, 0.26473, 0.03867
0.53997, 0.27620, 0.04614
0.53252, 0.28756, 0.05352
0.52475, 0.29879, 0.06082
0.51664, 0.30988, 0.06802
0.50822, 0.32082, 0.07513
0.49947, 0.33160, 0.08213
0.49042, 0.34222, 0.08902
0.48105, 0.35267, 0.09581
0.47138, 0.36293, 0.10247
0.46142, 0.37301, 0.10902
0.45117, 0.38288, 0.11544
0.44064, 0.39256, 0.12173
0.42984, 0.40202, 0.12789
0.41877, 0.41126, 0.13391
0.40744, 0.42027, 0.13979
0.39586, 0.42905, 0.14553
0.38404, 0.43759, 0.15112
0.37199, 0.44589, 0.15657
0.35972, 0.45394, 0.16186
0.34724, 0.46173, 0.16700
0.33455, 0.46926, 0.17198
0.32166, 0.47653, 0.17681
0.30859, 0.48353, 0.18148
0.29535, 0.49026, 0.18598
0.28194, 0.49671, 0.19032
0.26838, 0.50289, 0.19450
0.25467, 0.50878, 0.19851
0.24083, 0.51440, 0.20236
0.22686, 0.51973, 0.20605
0.21278, 0.52477, 0.20956
0.19859, 0.52952, 0.21291
0.18431, 0.53399, 0.21610
0.16994, 0.53817, 0.21911
0.15549, 0.54206, 0.22196
0.14098, 0.54567, 0.22465
0.12640, 0.54898, 0.22717
0.11178, 0.55201, 0.22953
0.09713, 0.55475, 0.23172
0.08244, 0.55720, 0.23376
0.06772, 0.55938, 0.23563
0.05300, 0.56126, 0.23734
0.03827, 0.56287, 0.23890
0.02354, 0.56420, 0.24030
0.00882, 0.56526, 0.24154
-0.00587, 0.56604, 0.24263
-0.02055, 0.56655, 0.24357
-0.03518, 0.56679, 0.24437
-0.04978, 0.56677, 0.24501
-0.06433, 0.56648, 0.24551
-0.07883, 0.56594, 0.24587
-0.09327, 0.56514, 0.24609
-0.10764, 0.56409, 0.24617
-0.12194, 0.56279, 0.24611
-0.13616, 0.56124, 0.24592
-0.15030, 0.55946, 0.24560
-0.16435, 0.55743, 0.24515
-0.17830, 0.55517, 0.24457
-0.19216, 0.55269, 0.24387
-0.20591, 0.54997, 0.24305
-0.21955, 0.54704, 0.24211
-0.23308, 0.54388, 0.24105
-0.24650, 0.54051, 0.23988
-0.25979, 0.53694, 0.23860
-0.27296, 0.53315, 0.23720
-0.28601, 0.52917, 0.23570
-0.29892, 0.52498, 0.23410
-0.31170, 0.52061, 0.23239
-0.32434, 0.51604, 0.23058
-0.33683, 0.51129, 0.22868
-0.34919, 0.50635, 0.22668
-0.36140, 0.50124, 0.22459
-0.37346, 0.49595, 0.22241
-0.38538, 0.49050, 0.22014
-0.39713, 0.48488, 0.21779
-0.40874, 0.47910, 0.21536
-0.42019, 0.47316, 0.21284
-0.43148, 0.46706, 0.21024
-0.44260, 0.46082, 0.20757
-0.45357, 0.45442, 0.20483
-0.46437, 0.44789, 0.20201
-0.47501, 0.44122, 0.19913
-0.48549, 0.43441, 0.19617
-0.49579, 0.42747, 0.19315
-0.50593, 0.42040, 0.19007
-0.51590, 0.41321, 0.18693
-0.52570, 0.40589, 0.18372
-0.53532, 0.39846, 0.18046
-0.54478, 0.39091, 0.17715
-0.55406, 0.38326, 0.17378
-0.56317, 0.37549, 0.17036
-0.57211, 0.36762, 0.16688
-0.58087, 0.35965, 0.16337
-0.58946, 0.35159, 0.15980
-0.59788, 0.34342, 0.15619
-0.60612, 0.33517, 0.15254
-0.61418, 0.32683, 0.14885
-0.62207, 0.31840, 0.14512
-0.62979, 0.30989, 0.14135
-0.63733, 0.30130, 0.13755
-0.64469, 0.29263, 0.13371
-0.65188, 0.28389, 0.12984
-0.65889, 0.27508, 0.12594
-0.66573, 0.26620, 0.12200
-0.67239, 0.25725, 0.11805
-0.67888, 0.24824, 0.11406
-0.68520, 0.23917, 0.11005
-0.69134, 0.23005, 0.10601
-0.69730, 0.22086, 0.10196
-0.70310, 0.21163, 0.09788
-0.70872, 0.20234, 0.09378
-0.71416, 0.19301, 0.08967
-0.71944, 0.18363, 0.08554
-0.72454, 0.17421, 0.08139
-0.72947, 0.16474, 0.07723
-0.73423, 0.15524, 0.07306
-0.73882, 0.14570, 0.06887
-0.74324, 0.13613, 0.06467
-0.74750, 0.12653, 0.06047
-0.75158, 0.11689, 0.05626
-0.75549, 0.10723, 0.05204
-0.75924, 0.09755, 0.04781
-0.76282, 0.08784, 0.04358
-0.76623, 0.07810, 0.03934
-0.76948, 0.06835, 0.03511
-0.77257, 0.05858, 0.03087
-0.77549, 0.04880, 0.02663
-0.77824, 0.03900, 0.02239
-0.78084, 0.02919, 0.01815
-0.78327, 0.01937, 0.01392
-0.78554, 0.00954, 0.00969
-0.78765, -0.00029, 0.00546
-0.78960, -0.01013, 0.00124
-0.79139, -0.01997, -0.00297
-0.79302, -0.02981, -0.00718
-0.79450, -0.03966, -0.01138
-0.79582, -0.04950, -0.01557
-0.79698, -0.05933, -0.01975
-0.79799, -0.06916, -0.02392
-0.79884, -0.07899, -0.02807
-0.79954, -0.08880, -0.03222
-0.80009, -0.09860, -0.03635
-0.80049, -0.10840, -0.04047
-0.80073, -0.11818, -0.04457
-0.80082, -0.12794, -0.04865
-0.80077, -0.13769, -0.05272
-0.80057, -0.14742, -0.05677
-0.80022, -0.15713, -0.06081
-0.79972, -0.16682, -0.06482
-0.79907, -0.17649, -0.06882
-0.79828, -0.18613, -0.07279
-0.79735, -0.19575, -0.07675
-0.79627, -0.20535, -0.08068
-0.79506, -0.21491, -0.08459
-0.79369, -0.22445, -0.08847
-0.79219, -0.23396, -0.09234
-0.79055, -0.24343, -0.09617
-0.78877, -0.25288, -0.09999
-0.78685, -0.26229, -0.10377
-0.78479, -0.27166, -0.10753
-0.78260, -0.28100, -0.11127
-0.78027, -0.29030, -0.11497
-0.77781, -0.29956, -0.11865
-0.77521, -0.30878, -0.12230
-0.77248, -0.31795, -0.12591
-0.76962, -0.32709, -0.12950
-0.76663, -0.33618, -0.13306
-0.76350, -0.34523, -0.13658
-0.76025, -0.35423, -0.14008
-0.75687, -0.36318, -0.14354
-0.75336, -0.37209, -0.14696
-0.74972, -0.38094, -0.15036
-0.74596, -0.38975, -0.15371
-0.74207, -0.39850, -0.15704
-0.73806, -0.40720, -0.16033
-0.73393, -0.41585, -0.16358
-0.72967, -0.42444, -0.16679
-0.72529, -0.43298, -0.16997
-0.72079, -0.44145, -0.17311
-0.71617, -0.44987, -0.17621
-0.71144, -0.45823, -0.17928
-0.70658, -0.46653, -0.18230
-0.70161, -0.47477, -0.18528
-0.69652, -0.48295, -0.18823
-0.69132, -0.49106, -0.19113
-0.68600, -0.49911, -0.19399
-0.68057, -0.50709, -0.19681
-0.67503, -0.51501, -0.19959
-0.66937, -0.52286, -0.20232
-0.66361, -0.53064, -0.20501
-0.65773, -0.53835, -0.20766
-0.65175, -0.54599, -0.21026
-0.64566, -0.55355, -0.21281
-0.63946, -0.56105, -0.21532
-0.63315, -0.56847, -0.21779
-0.62674, -0.57582, -0.22021
-0.62023, -0.58309, -0.22258
-0.61362, -0.59029, -0.22490
-0.60690, -0.59741, -0.22718
-0.60008, -0.60445, -0.22941
-0.59316, -0.61141, -0.23159
-0.58614, -0.61829, -0.23372
-0.57902, -0.62508, -0.23580
-0.57181, -0.63180, -0.23783
-0.56450, -0.63843, -0.23981
-0.55709, -0.64498, -0.24173
-0.54959, -0.65145, -0.24361
-0.54199, -0.65782, -0.24543
-0.53431, -0.66411, -0.24720
-0.52653, -0.67032, -0.24892
-0.51866, -0.67643, -0.25059
-0.51070, -0.68245, -0.25220
-0.50265, -0.68838, -0.25375
-0.49452, -0.69422, -0.25525
-0.48630, -0.69997, -0.25670
-0.47799, -0.70563, -0.25809
-0.46960, -0.71119, -0.25942
-0.46113, -0.71665, -0.26070
-0.45258, -0.72202, -0.26192
-0.44394, -0.72729, -0.26308
-0.43522, -0.73246, -0.26418
-0.42643, -0.73753, -0.26523
-0.41756, -0.74250, -0.26621
-0.40861, -0.74737, -0.26714
-0.39958, -0.75213, -0.26800
-0.39048, -0.75680, -0.26881
-0.38131, -0.76136, -0.26955
-0.37206, -0.76581, -0.27024
-0.36275, -0.77016, -0.27086
-0.35336, -0.77440, -0.27142
-0.34391, -0.77853, -0.27191
-0.33439, -0.78255, -0.27235
-0.32480, -0.78647, -0.27271
-0.31514, -0.79027, -0.27302
-0.30543, -0.79396, -0.27326
-0.29565, -0.79753, -0.27344
-0.28581, -0.80099, -0.27355
-0.27591, -0.80434, -0.27359
-0.26595, -0.80757, -0.27357
-0.25593, -0.81069, -0.27348
-0.24586, -0.81368, -0.27332
-0.23573, -0.81656, -0.27309
-0.22555, -0.81932, -0.27280
-0.21532, -0.82195, -0.27244
-0.20504, -0.82446, -0.27201
-0.19471, -0.82685, -0.27151
-0.18433, -0.82912, -0.27094
-0.17390, -0.83126, -0.27030
-0.16343, -0.83328, -0.26958
-0.15292, -0.83516, -0.26880
-0.14237, -0.83692, -0.26794
-0.13177, -0.83855, -0.26701
-0.12114, -0.84005, -0.26601
-0.11047, -0.84142, -0.26494
-0.09977, -0.84266, -0.26379
-0.08903, -0.84376, -0.26257
-0.07826, -0.84473, -0.26127
-0.06746, -0.84556, -0.25990
-0.05664, -0.84626, -0.25845
-0.04578, -0.84682, -0.25692
-0.03490, -0.84724, -0.25532
-0.02400, -0.84752, -0.25364
-0.01308, -0.84766, -0.25189
-0.00214, -0.84766, -0.25006
0.00882, -0.84751, -0.24814
0.01979, -0.84722, -0.24615
0.03078, -0.84679, -0.24408
0.04178, -0.84621, -0.24194
0.05278, -0.84548, -0.23971
0.06380, -0.84461, -0.23740
0.07482, -0.84359, -0.23501
0.08584, -0.84241, -0.23253
0.09686, -0.84109, -0.22998
0.10787, -0.83961, -0.22735
0.11889, -0.83798, -0.22463
0.12989, -0.83620, -0.22183
0.14089, -0.83426, -0.21894
0.15188, -0.83217, -0.21598
0.16285, -0.82991, -0.21292
0.17380, -0.82750, -0.20979
0.18473, -0.82493, -0.20657
0.19564, -0.82220, -0.20326
0.20653, -0.81931, -0.19987
0.21739, -0.81626, -0.19639
0.22821, -0.81305, -0.19283
0.23901, -0.80967, -0.18918
0.24976, -0.80612, -0.18544
0.26048, -0.80241, -0.18162
0.27115, -0.79854, -0.17771
0.28178, -0.79450, -0.17371
0.29235, -0.79029, -0.16963
0.30288, -0.78591, -0.16546
0.31334, -0.78136, -0.16120
0.32375, -0.77664, -0.15685
0.33409, -0.77175, -0.15241
0.34437, -0.76668, -0.14789
0.35458, -0.76145, -0.14327
0.36471, -0.75604, -0.13857
0.37476, -0.75046, -0.13378
0.38473, -0.74471, -0.12890
0.39461, -0.73878, -0.12394
0.40440, -0.73268, -0.11888
0.41410, -0.72640, -0.11374
0.42370, -0.71994, -0.10851
0.43319, -0.71331, -0.10319
0.44258, -0.70651, -0.09778
0.45185, -0.69953, -0.09229
0.46100, -0.69237, -0.08671
0.47004, -0.68504, -0.08104
0.47894, -0.67754, -0.07529
0.48772, -0.66985, -0.06945
0.49636, -0.66200, -0.06352
0.50485, -0.65396, -0.05751
0.51320, -0.64576, -0.05142
0.52139, -0.63738, -0.04524
0.52943, -0.62883, -0.03898
0.53730, -0.62011, -0.03264
0.54501, -0.61121, -0.02622
0.55254, -0.60215, -0.01972
0.55989, -0.59292, -0.01314
0.56705, -0.58352, -0.00649
0.57402, -0.57396, 0.00025
0.58079, -0.56424, 0.00705
0.58736, -0.55435, 0.01393
0.59372, -0.54431, 0.02089
0.59986, -0.53410, 0.02791
0.60578, -0.52375, 0.03500
0.61147, -0.51324, 0.04215
0.61692, -0.50258, 0.04937
0.62213, -0.49178, 0.05665
0.62710, -0.48083, 0.06399
0.63181, -0.46975, 0.07139
0.63626, -0.45853, 0.07884
0.64044, -0.44718, 0.08635
0.64435, -0.43571, 0.09390
0.64798, -0.42411, 0.10150
0.65133, -0.41239, 0.10914
0.65438, -0.40057, 0.11683
0.65713, -0.38863, 0.12455
0.65958, -0.37660, 0.13230
0.66173, -0.36447, 0.14008
0.66355, -0.35225, 0.14789
0.66505, -0.33995, 0.15572
0.66623, -0.32758, 0.16356
0.66708, -0.31514, 0.17142
0.66758, -0.30263, 0.17929
0.66775, -0.29008, 0.18716
0.66757, -0.27748, 0.19504
0.66704, -0.26484, 0.20290
0.66616, -0.25217, 0.21076
0.66491, -0.23949, 0.21860
0.66331, -0.22679, 0.22641
0.66134, -0.21410, 0.23421
0.65901, -0.20141, 0.24197
0.65630, -0.18875, 0.24969
0.65323, -0.17611, 0.25737
0.64978, -0.16351, 0.26500
0.64596, -0.15096, 0.27258
0.64177, -0.13847, 0.28009
0.63721, -0.12605, 0.28755
0.63228, -0.11371, 0.29492
0.62697, -0.10147, 0.30222
0.62130, -0.08932, 0.30944
0.61526, -0.07730, 0.31657
0.60886, -0.06539, 0.32360
0.60211, -0.05363, 0.33053
0.59499, -0.04201, 0.33735
0.58753, -0.03054, 0.34407
0.57972, -0.01925, 0.35066
0.57158, -0.00813, 0.35713
0.56310, 0.00280, 0.36347
0.55430, 0.01353, 0.36968
0.54518, 0.02406, 0.37575
0.53575, 0.03436, 0.38168
0.52602, 0.04445, 0.38746
0.51600, 0.05429, 0.39309
0.50569, 0.06389, 0.39856
0.49512, 0.07325, 0.40387
0.48428, 0.08234, 0.40903
0.47318, 0.09117, 0.41401
0.46185, 0.09972, 0.41883
0.45028, 0.10800, 0.42347
0.43850, 0.11599, 0.42794
0.42651, 0.12369, 0.43224
0.41432, 0.13110, 0.43635
0.40195, 0.13821, 0.44029
0.38940, 0.14502, 0.44404
0.37670, 0.15152, 0.44761
0.36384, 0.15771, 0.45100
0.35085, 0.16359, 0.45421
0.33773, 0.16916, 0.45723
0.32451, 0.17442, 0.46007
0.31117, 0.17936, 0.46272
0.29776, 0.18398, 0.46519
0.28426, 0.18829, 0.46748
0.27069, 0.19228, 0.46959
0.25707, 0.19596, 0.47151
0.24341, 0.19932, 0.47326
0.22971, 0.20237, 0.47483
0.21599, 0.20511, 0.47622
0.20225, 0.20754, 0.47744
0.18851, 0.20967, 0.47848
0.17478, 0.21149, 0.47935
0.16107, 0.21301, 0.48006
0.14737, 0.21423, 0.48060
0.13372, 0.21516, 0.48097
0.12010, 0.21580, 0.48119
0.10654, 0.21615, 0.48124
0.09303, 0.21622, 0.48114
0.07959, 0.21601, 0.48089
0.06622, 0.21552, 0.48049
0.05294, 0.21476, 0.47993
0.03974, 0.21374, 0.47924
0.02663, 0.21246, 0.47840
0.01363, 0.21092, 0.47742
0.00073, 0.20913, 0.47631
-0.01206, 0.20709, 0.47506
-0.02473, 0.20481, 0.47369
-0.03728, 0.20229, 0.47219
-0.04971, 0.19954, 0.47056
-0.06200, 0.19657, 0.46882
-0.07416, 0.19337, 0.46695
-0.08618, 0.18995, 0.46497
-0.09805, 0.18632, 0.46288
-0.10978, 0.18248, 0.46068
-0.12136, 0.17844, 0.45838
-0.13278, 0.17420, 0.45597
-0.14405, 0.16977, 0.45346
