0.00000000000000000000,1.00000000000000000000
0.00000000000000000000,0.00000000000000000000
0.10000000000000000555,0.99500830927988455333
0.20000000000000001110,0.98013218144519215978
0.30000000000000001665,0.95566209401969139727
0.40000000000000002220,0.92206192093301085876
0.50000000000000002776,0.87994105699502824674
0.60000000000000003331,0.83001994671929356628
0.70000000000000003886,0.77309261957846279534
0.80000000000000004441,0.70998976925903820197
0.90000000000000004996,0.64154540028229404988
1.00000000000000005551,0.56856926355978141982
1.10000000000000006106,0.49182639477197457857
1.20000000000000006661,0.41202421275403112145
1.30000000000000007216,0.32980693467289742065
1.40000000000000007772,0.24575656769828624697
1.50000000000000008327,0.16039944026040484060
1.60000000000000008882,0.07421710347293318407
1.70000000000000009437,-0.01233958752058894996
1.80000000000000009992,-0.09883436560487366058
1.90000000000000010547,-0.18482852147641989197
2.00000000000000011102,-0.26986402604556150979
2.10000000000000011657,-0.35344788554039297188
2.20000000000000012212,-0.43503884668950971380
2.30000000000000012768,-0.51403761882742038413
2.40000000000000013323,-0.58978180537791047137
2.50000000000000013878,-0.66154669017423678283
2.60000000000000014433,-0.72855284974318936263
2.70000000000000014988,-0.78998121152190857198
2.80000000000000015543,-0.84499562133540103359
2.90000000000000016098,-0.89277223124053074592
3.00000000000000016653,-0.93253413434442718953
3.10000000000000017208,-0.96358877796043728001
3.20000000000000017764,-0.98536494801979770795
3.30000000000000018319,-0.99744571724827683521
3.40000000000000018874,-0.99959383421830688422
3.50000000000000019429,-0.99176666244794103069
3.60000000000000019984,-0.97411890235509734025
3.70000000000000020539,-0.94699276901393063754
3.80000000000000021094,-0.91089679859630921267
3.90000000000000021649,-0.86647574361669986941
4.00000000000000022204,-0.81447487479169711986
4.10000000000000022760,-0.75570232615162283518
4.20000000000000023315,-0.69099291407271056821
4.30000000000000023870,-0.62117624640684172404
4.40000000000000024425,-0.54705108777969476352
4.50000000000000024980,-0.46936703992148740044
4.60000000000000025535,-0.38881377557665130337
4.70000000000000026090,-0.30601741972102118551
4.80000000000000026645,-0.22154323395402565383
4.90000000000000027200,-0.13590351480486134027
5.00000000000000027756,-0.04956952164702238948
5.10000000000000028311,0.03701374917275459306
5.20000000000000028866,0.12341108290985243532
5.30000000000000029421,0.20917995066107155234
5.40000000000000029976,0.29385387189194691758
5.50000000000000030531,0.37692732324193574809
5.60000000000000031086,0.45784332513059907471
5.70000000000000031641,0.53598488466901020820
5.80000000000000032196,0.61067148368960473038
5.90000000000000032752,0.68116172302161112580
6.00000000000000033307,0.74666301387268965104
6.10000000000000033862,0.80634879902999633401
6.20000000000000034417,0.85938317109999807917
6.30000000000000034972,0.90495195606681092388
6.40000000000000035527,0.94229842809946527443
6.50000000000000036082,0.97076095253859143874
6.60000000000000036637,0.98980919392787613072
6.70000000000000037192,0.99907525160175411009
6.80000000000000037748,0.99837632435498893570
6.90000000000000038303,0.98772628908114314990
7.00000000000000038858,0.96733481451044022684
7.10000000000000039413,0.93759411658114392562
7.20000000000000039968,0.89905492789277808153
7.30000000000000040523,0.85239443661594392480
7.40000000000000041078,0.79837966007009519240
7.50000000000000041633,0.73782988088594937540
7.60000000000000042188,0.67158143598934956172
7.70000000000000042744,0.60045744823390385795
7.80000000000000043299,0.52524420684957727522
7.90000000000000043854,0.44667500796344656447
8.00000000000000044409,0.36542148971974236271
8.10000000000000044964,0.28209190976741802120
8.20000000000000045519,0.19723543297554453670
8.30000000000000046074,0.11135130001790912862
8.40000000000000046629,0.02490168541490574196
8.50000000000000047184,-0.06167292804291592221
8.60000000000000047740,-0.14793698297387696309
8.70000000000000048295,-0.23344277297303312886
8.80000000000000048850,-0.31771413343351959335
8.90000000000000049405,-0.40023199591310096163
9.00000000000000049960,-0.48042295209289080974
9.10000000000000050515,-0.55765201458735004828
9.20000000000000051070,-0.63122075265460727601
9.30000000000000051625,-0.70037186796897611072
9.40000000000000052180,-0.76430100563203938794
9.50000000000000052736,-0.82217612876726197529
9.60000000000000053291,-0.87316411255140142004
9.70000000000000053846,-0.91646337436950670355
9.80000000000000054401,-0.95134044779564150057
9.90000000000000054956,-0.97716757984583427167
10.00000000000000055511,-0.99345786394692330029
10.10000000000000056066,-0.99989428344597581057
10.20000000000000056621,-0.99634943660110948796
10.30000000000000057176,-0.98289364116668339954
10.40000000000000057732,-0.95979044868453172431
10.50000000000000058287,-0.92748010698706435912
10.60000000000000058842,-0.88655291946596013260
10.70000000000000059397,-0.83771551256311403390
10.80000000000000059952,-0.78175357888135587768
10.90000000000000060507,-0.71949467389247223777
11.00000000000000061062,-0.65177418633002476441
11.10000000000000061617,-0.57940683092145201666
11.20000000000000062172,-0.50316510909078960255
11.30000000000000062728,-0.42376531125097273491
11.40000000000000063283,-0.34186090697146547581
11.50000000000000063838,-0.25804264188546418717
11.60000000000000064393,-0.17284433616959885338
11.70000000000000064948,-0.08675322615812495346
11.80000000000000065503,-0.00022365706915840574
11.90000000000000066058,0.08630703353481270341
12.00000000000000066613,0.17240155234273714138
12.10000000000000067168,0.25760568412739033714
12.20000000000000067724,0.34143239990039710665
12.30000000000000068279,0.42334814994338495711
12.40000000000000068834,0.50276250184712099835
12.50000000000000069389,0.57902231553935989825
12.60000000000000069944,0.65141161417134146725
12.70000000000000070499,0.71915815721916226812
12.80000000000000071054,0.78144739911326170596
12.90000000000000071609,0.83744399036765147928
13.00000000000000072164,0.88632025178792248846
13.10000000000000072720,0.92729018083069963171
13.20000000000000073275,0.95964664594134625969
13.30000000000000073830,0.98279865211762826072
13.40000000000000074385,0.99630510099530858779
13.50000000000000074940,0.99990147662772026638
13.60000000000000075495,0.99351644124497226804
13.70000000000000076050,0.97727638587488526670
13.80000000000000076605,0.95149738954706567781
13.90000000000000077161,0.91666554940214190205
14.00000000000000077716,0.87340797759353777928
14.10000000000000078271,0.82245769056087443170
14.20000000000000078826,0.76461601522545647922
14.30000000000000079381,0.70071600160423235714
14.40000000000000079936,0.63158976615326643995
14.50000000000000080491,0.55804186277044824280
14.60000000000000081046,0.48082986939242814325
14.70000000000000081601,0.40065253829362512024
14.80000000000000082157,0.31814518469551204827
14.90000000000000082712,0.23388152038967115938
15.00000000000000083267,0.14838086815994755707
15.10000000000000083822,0.06211957922326719710
15.20000000000000084377,-0.02445453369480089788
15.30000000000000084932,-0.11090589395823786388
15.40000000000000085487,-0.19679408779033744728
15.50000000000000086042,-0.28165709362079578888
15.60000000000000086597,-0.36499589765279470688
15.70000000000000087153,-0.44626161987711955581
15.80000000000000087708,-0.52484632339600418573
15.90000000000000088263,-0.60007869853194152621
16.00000000000000088818,-0.67122575169843417820
16.10000000000000089373,-0.73750143262225319743
16.20000000000000089928,-0.79808275463133434294
16.30000000000000090483,-0.85213337703092689458
16.40000000000000091038,-0.89883384271032054912
16.50000000000000091593,-0.93741676953838083219
16.60000000000000092149,-0.96720440997419173941
16.70000000000000092704,-0.98764529149237007260
16.80000000000000093259,-0.99834631045968619771
16.90000000000000093814,-0.99909681200549832865
17.00000000000000094369,-0.98988189551990995953
17.10000000000000094924,-0.97088336629507193481
17.20000000000000095479,-0.94246821891529938267
17.30000000000000096034,-0.90516602401992573836
17.40000000000000096589,-0.85963782819660093188
17.50000000000000097145,-0.80663996280475931021
17.60000000000000097700,-0.74698639937381014291
17.70000000000000098255,-0.68151301725443291042
17.80000000000000098810,-0.61104649069331717535
17.90000000000000099365,-0.53637963410947096511
18.00000000000000099920,-0.45825414177764102187
18.10000000000000100475,-0.37735085839483176729
18.20000000000000101030,-0.29428710046015975796
18.30000000000000101585,-0.20962013920116518049
18.40000000000000102141,-0.12385573464552502105
18.50000000000000102696,-0.03746053215358130694
18.60000000000000103251,0.04912285727948548979
18.70000000000000103806,0.13545922473646107028
18.80000000000000104361,0.22110366726191790413
18.90000000000000104916,0.30558510052758587161
19.00000000000000105471,0.38839147305174024182
19.10000000000000106026,0.46895782062690614857
19.20000000000000106581,0.54665834418872213404
19.30000000000000107137,0.62080369562259718296
19.40000000000000107692,0.69064456159632902081
19.50000000000000108247,0.75538239127788562314
19.60000000000000108802,0.81418767699937573867
19.70000000000000109357,0.86622555314436470628
19.80000000000000109912,0.91068765894970069578
19.90000000000000110467,0.94682830383114347336
20.00000000000000111022,0.97400212300302702842
20.10000000000000111577,0.99169979498903369319
20.20000000000000112133,0.99957818417719964402
20.30000000000000112688,0.99748158755142443769
20.40000000000000113243,0.98545161981572582089
20.50000000000000113798,0.96372455662299610105
20.60000000000000114353,0.93271645513476936706
20.70000000000000114908,0.89299781228553652159
20.80000000000000115463,0.84526064693501965983
20.90000000000000116018,0.79028152694041281073
21.00000000000000116573,0.72888414953824621698
21.10000000000000117129,0.66190468519492064750
21.20000000000000117684,0.59016235792720035138
21.30000000000000118239,0.51443684020049940423
21.40000000000000118794,0.43545315560091662978
21.50000000000000119349,0.35387402936096370564
21.60000000000000119904,0.27029906910413177031
21.70000000000000120459,0.18526980600400701430
21.80000000000000121014,0.09927945142630803642
21.90000000000000121569,0.01278617661035902289
22.00000000000000122125,-0.07377125168321367396
22.10000000000000122680,-0.15995659718313834992
22.20000000000000123235,-0.24531912197934180568
22.30000000000000123790,-0.32937747108143166890
22.40000000000000124345,-0.41160557776191181417
22.50000000000000124900,-0.49142174275509129412
22.60000000000000125455,-0.56818207746445599114
22.70000000000000126010,-0.64117948094163849167
22.80000000000000126565,-0.70964918860118314205
22.90000000000000127121,-0.77278163498488131104
23.00000000000000127676,-0.82974287688515145601
23.10000000000000128231,-0.87970212371504232570
23.20000000000000128786,-0.92186506589757832543
23.30000000000000129341,-0.95551078426946575131
23.40000000000000129896,-0.98002922069430141005
23.50000000000000130451,-0.99495567394734312535
23.60000000000000131006,-0.99999871778673679010
23.70000000000000131561,-0.99505841151547857082
23.80000000000000132117,-0.98023266748974818613
23.90000000000000132672,-0.95581101222924045132
24.00000000000000133227,-0.92225648913672284571
24.10000000000000133782,-0.88017782581051940051
24.20000000000000134337,-0.83029498791283521308
24.30000000000000134892,-0.77340172062995477073
24.40000000000000135447,-0.71032861688190928516
24.50000000000000136002,-0.64190973918346705504
24.60000000000000136557,-0.56895502127566124076
24.70000000000000137113,-0.49222976807835945777
24.80000000000000137668,-0.41244171522967132312
24.90000000000000138223,-0.33023540810548923004
25.00000000000000138778,-0.24619316205431879911
25.10000000000000139333,-0.16084156801169889606
25.20000000000000139888,-0.07466237442512557628
25.30000000000000140443,0.01189344483461479233
25.40000000000000140998,0.09838959015723576322
25.50000000000000141553,0.18438740801481319682
25.60000000000000142109,0.26942900988292363035
25.70000000000000142664,0.35302161822540199242
25.80000000000000143219,0.43462425667117383365
25.90000000000000143774,0.51363795099442767500
26.00000000000000144329,0.58940063335876434296
26.10000000000000144884,0.66118789580149481727
26.20000000000000145439,0.72822056539476547608
26.30000000000000145994,0.78967972337146526878
26.40000000000000146549,0.84472923493720739882
26.50000000000000147105,0.89254510516496125822
26.60000000000000147660,0.93235009229237976913
26.70000000000000148215,0.96345111415629184709
26.80000000000000148770,0.98527624377925812106
26.90000000000000149325,0.99740768754791577069
27.00000000000000149880,0.99960722127612410687
27.10000000000000150435,0.99183118872064394143
27.20000000000000150990,0.97423328857473802525
27.30000000000000151545,0.94715481508024088330
27.40000000000000152101,0.91110351773682811405
27.50000000000000152656,0.86672353454300062601
27.60000000000000153211,0.81475971349062048239
27.70000000000000153766,0.75601995870140700122
27.80000000000000154321,0.69133903410173461835
27.90000000000000154876,0.62154664473049173835
28.00000000000000155431,0.54744176641325435761
28.10000000000000155986,0.46977428721614714521
28.20000000000000156541,0.38923420305225282789
28.30000000000000157097,0.30644796396744708919
28.40000000000000157652,0.22198112871072958331
28.50000000000000158207,0.13634623916559777402
28.60000000000000158762,0.05001473053612331503
28.70000000000000159317,-0.03656830626184675673
28.80000000000000159872,-0.12296764918479868578
28.90000000000000160427,-0.20874084976719612290
29.00000000000000160982,-0.29342159058692031761
29.10000000000000161537,-0.37650458331483300140
29.20000000000000162093,-0.45743313860949626757
29.30000000000000162648,-0.53559058617122378603
29.40000000000000163203,-0.61029673389052414471
29.50000000000000163758,-0.68081047793298549436
29.60000000000000164313,-0.74633945619937981273
29.70000000000000164868,-0.80605723049862540523
29.80000000000000165423,-0.85912786832803859720
29.90000000000000165978,-0.90473699700812065149
30.00000000000000166533,-0.94212750079979800749
30.10000000000000167089,-0.97063716203578449159
30.20000000000000167644,-0.98973488569014714711
30.30000000000000168199,-0.99905187008383267161
30.40000000000000168754,-0.99840432261962104002
30.50000000000000169309,-0.98780510012588883950
30.60000000000000169864,-0.96746288773766474884
30.70000000000000170419,-0.93776901501907815323
30.80000000000000170974,-0.89927347474979332700
30.90000000000000171529,-0.85265289474841882985
31.00000000000000172085,-0.79867392567062373839
31.10000000000000172640,-0.73815567321489847517
31.20000000000000173195,-0.67193446777102961906
31.30000000000000173750,-0.60083356556002474522
31.40000000000000174305,-0.52563949213575327342
31.50000000000000174860,-0.44708584389145437194
31.60000000000000175415,-0.36584458564550153468
31.70000000000000175970,-0.28252429456082518353
31.80000000000000176525,-0.19767441971516442253
31.90000000000000177081,-0.11179442858952815451
32.00000000000000177636,-0.02534664913281445750
32.10000000000000178191,0.06122836588150492297
32.20000000000000178746,0.14749507694585704807
32.30000000000000179301,0.23300588228578557128
32.40000000000000179856,0.31728480202833692347
32.50000000000000180411,0.39981302015819368534
32.60000000000000180966,0.48001743004661488734
32.70000000000000181521,0.55726337068430147601
32.80000000000000182077,0.63085273192841174631
32.90000000000000182632,0.70002849486004429510
33.00000000000000183187,0.76398650428999715262
33.10000000000000183742,0.82189480468770672119
33.20000000000000184297,0.87292019932214311151
33.30000000000000184852,0.91626085389932293373
33.40000000000000185407,0.95118285701358803167
33.50000000000000185962,0.97705782061254608324
33.60000000000000186517,0.99339803487230580662
33.70000000000000187073,0.99988555171405625686
33.80000000000000187628,0.99639196446918719912
33.90000000000000188183,0.98298657586032795391
34.00000000000000188738,0.95993197689484487085
34.10000000000000189293,0.92766756744159098235
34.20000000000000189848,0.88678296049742290884
34.30000000000000190403,0.83798427733669005301
34.40000000000000190958,0.78205689948589759584
34.50000000000000191513,0.71982825673812044756
34.60000000000000192069,0.65213377459054899967
34.70000000000000192624,0.57978833420611923229
34.80000000000000193179,0.50356469520871065151
34.90000000000000193734,0.42417945911333194498
35.00000000000000194289,0.34228642292809015958
35.10000000000000194844,0.25847664397011451488
35.20000000000000195399,0.17328421192186533489
35.30000000000000195954,0.08719657012751426670
35.40000000000000196509,0.00066819407053146915
35.50000000000000197065,-0.08586353358747350631
35.60000000000000197620,-0.17196136243262945742
35.70000000000000198175,-0.25717120546396746175
35.80000000000000198730,-0.34100623899095125865
35.90000000000000199285,-0.42293318158101583993
36.00000000000000199840,-0.50236191194281835302
36.10000000000000200395,-0.57863961768077748135
36.20000000000000200950,-0.65105063421442964296
36.30000000000000201505,-0.71882298139336730527
36.40000000000000202061,-0.78114228327710911933
36.50000000000000202616,-0.83717323128164327094
36.60000000000000203171,-0.88608802543927626683
36.70000000000000203726,-0.92710035751964997862
36.80000000000000204281,-0.95950259629904899973
36.90000000000000204836,-0.98270306155437074842
37.00000000000000205391,-0.99625981136416224583
37.10000000000000205946,-0.99990737249218617416
37.20000000000000206501,-0.99357339393267377488
37.30000000000000207057,-0.97738326199513897024
37.40000000000000207612,-0.95165212293444305706
37.50000000000000208167,-0.91686526792448530499
37.60000000000000208722,-0.87364917028364211206
37.70000000000000209277,-0.82273639704708467540
37.80000000000000209832,-0.76492801878723657951
37.90000000000000210387,-0.70105700908186149075
38.00000000000000210942,-0.63195556165774209270
38.10000000000000211497,-0.55842842673481826320
38.20000000000000212053,-0.48123345909941190468
38.30000000000000212608,-0.40106972995751111148
38.40000000000000213163,-0.31857288012079763162
38.50000000000000213718,-0.23431692310711928628
38.60000000000000214273,-0.14882143489060620933
38.70000000000000214828,-0.06256295279410099141
38.80000000000000215383,0.02401060398042961457
38.90000000000000215938,0.11046363875045611166
39.00000000000000216493,0.19635580538309778346
39.10000000000000217049,0.28122523340438707463
39.20000000000000217604,0.36457313368827204086
39.30000000000000218159,0.44585090869671576092
39.40000000000000218714,0.52445093992042490457
39.50000000000000219269,0.59970224405490809433
39.60000000000000219824,0.67087212849774537592
39.70000000000000220379,0.73717478118994823845
39.80000000000000220934,0.79778735197368641545
39.90000000000000221489,0.85187349800790397548
40.00000000000000222045,0.89861359074841917809
40.10000000000000222600,0.93723988774384656283
40.20000000000000223155,0.96707408790398938735
40.30000000000000223710,0.98756398566965072211
40.40000000000000224265,0.99831559728843046950
40.50000000000000224820,0.99911728953028910229
40.60000000000000225375,0.98995314554125575729
40.70000000000000225930,0.97100398137898957226
40.80000000000000226485,0.94263589103631882724
40.90000000000000227041,0.90537768437589580337
41.00000000000000227596,0.85988982239950637130
41.10000000000000228151,0.80692824297299406498
41.20000000000000228706,0.74730671478230951206
41.30000000000000229261,0.68186108770500987989
41.40000000000000229816,0.61141815082695415503
41.50000000000000230371,0.53677094155330130882
41.60000000000000230926,0.45866144647560991559
41.70000000000000231482,0.37777083414731327140
41.80000000000000232037,0.29471674233146000470
41.90000000000000232592,0.21005673204483845934
42.00000000000000233147,0.12429679872517683694
42.10000000000000233702,0.03790375196908912116
42.20000000000000234257,-0.04867971503366567993
42.30000000000000234812,-0.13501839841326634134
42.40000000000000235367,-0.22066748720178472071
42.50000000000000235922,-0.30515607018199551200
42.60000000000000236478,-0.38797233859033118867
42.70000000000000237033,-0.46855162306556506603
42.80000000000000237588,-0.54626844791464095627
42.90000000000000238143,-0.62043378737885838053
43.00000000000000238698,-0.69029861480511335228
43.10000000000000239253,-0.75506459228967997849
43.20000000000000239808,-0.81390231261848575817
43.30000000000000240363,-0.86597686257090016163
43.40000000000000240918,-0.91047965779661778086
43.50000000000000241474,-0.94666459252088427495
43.60000000000000242029,-0.97388569577168233892
43.70000000000000242584,-0.99163286798572576863
43.80000000000000243139,-0.99956206095431410338
43.90000000000000243694,-0.99751657722595341162
44.00000000000000244249,-0.98553701757600106710
44.10000000000000244804,-0.96385868891700179765
44.20000000000000245359,-0.93289678411125301577
44.30000000000000245914,-0.89322108728537793809
44.40000000000000246470,-0.84552308620466082539
44.50000000000000247025,-0.79057901087583041101
44.60000000000000247580,-0.72921240764056438665
44.70000000000000248135,-0.66225946195770330524
44.80000000000000248690,-0.59053954719859323653
44.90000000000000249245,-0.51483258224208123480
45.00000000000000249800,-0.43586389533822673524
45.10000000000000250355,-0.35429653770973395377
45.20000000000000250910,-0.27073043158037044388
45.30000000000000251466,-0.18570738414569578491
45.40000000000000252021,-0.09972082308283216850
45.50000000000000252576,-0.01322906117057492989
45.60000000000000253131,0.07332907727970066584
45.70000000000000253686,0.15951738605270387224
45.80000000000000254241,0.24488524303963174807
45.90000000000000254796,0.32895148738958658464
46.00000000000000255351,0.41119031167958124367
46.10000000000000255906,0.49102032191895869981
46.20000000000000256462,0.56779795545139046583
46.30000000000000257017,0.64081642685418114771
46.40000000000000257572,0.70931124084445928567
46.50000000000000258127,0.77247301650241517138
46.60000000000000258682,0.82946787218630041964
46.70000000000000259237,0.87946492206294661311
46.80000000000000259792,0.92166957964963355571
46.90000000000000260347,0.95536045589127874679
47.00000000000000260902,0.97992683550734515876
47.10000000000000261458,0.99490319729640118191
47.20000000000000262013,0.99999717433163243783
47.30000000000000262568,0.99510782055025034790
47.40000000000000263123,0.98033204198843168866
47.50000000000000263678,0.95595842172190721026
47.60000000000000264233,0.92244917890643564199
47.70000000000000264788,0.88041237864977980366
47.80000000000000265343,0.83056751080968528090
47.90000000000000265898,0.77370803770124078381
48.00000000000000266454,0.71066445143596245897
48.10000000000000267009,0.64227087129181296098
48.20000000000000267564,0.56933741174288029824
48.30000000000000268119,0.49262964432313093070
48.40000000000000268674,0.41285561864155089173
48.50000000000000269229,0.33066020553020243484
48.60000000000000269784,0.24662602608116358655
48.70000000000000270339,0.16127993180339799257
48.80000000000000270894,0.07510386718288279002
48.90000000000000271450,-0.01145107575812373036
49.00000000000000272005,-0.09794856473537405748
49.10000000000000272560,-0.18395000107411272200
49.20000000000000273115,-0.26899763520742982909
49.30000000000000273670,-0.35259890364869749118
49.40000000000000274225,-0.43421310432052385579
49.50000000000000274780,-0.51324157662027240545
49.60000000000000275335,-0.58902257868620307477
49.70000000000000275890,-0.66083200834996044294
49.80000000000000276446,-0.72789094150594251486
49.90000000000000277001,-0.78938061247943746613
50.00000000000000277556,-0.84446490647415805252
50.10000000000000278111,-0.89231968374658420011
50.20000000000000278666,-0.93216737149894910396
50.30000000000000279221,-0.96331436356373604108
50.40000000000000279776,-0.98518802697404219738
50.50000000000000280331,-0.99736970979509653366
50.60000000000000280886,-0.99962022372253896434
50.70000000000000281442,-0.99189490146385152187
50.80000000000000281997,-0.97434644821129578031
50.90000000000000282552,-0.94731524460841341133
51.00000000000000283107,-0.91130825934161453604
51.10000000000000283662,-0.86696902014419098840
51.20000000000000284217,-0.81504195485687405979
51.30000000000000284772,-0.75633473867233645883
51.40000000000000285327,-0.69168208265798003628
51.50000000000000285882,-0.62191378753008257091
51.60000000000000286438,-0.54782903803396527204
51.70000000000000286993,-0.47017800585657887257
51.80000000000000287548,-0.38965100724320448462
51.90000000000000288103,-0.30687481462528954290
52.00000000000000288658,-0.22241528159250848024
52.10000000000000289213,-0.13678519362006833968
52.20000000000000289768,-0.05045616064507045726
52.30000000000000290323,0.03612663221081715084
52.40000000000000290878,0.12252795521227809356
52.50000000000000291434,0.20830543920679378254
52.60000000000000291989,0.29299292809990564815
52.70000000000000292544,0.37608536627027397124
52.80000000000000293099,0.45702635192582743322
52.90000000000000293654,0.53519953452579665783
53.00000000000000294209,0.60992504532220780838
53.10000000000000294764,0.68046207356797500175
53.20000000000000295319,0.74601848239015172411
53.30000000000000295874,0.80576795226260655421
53.40000000000000296430,0.85887452661154654675
53.50000000000000296985,0.90452363672786963790
53.60000000000000297540,0.94195778127271463827
53.70000000000000298095,0.97051416547974221155
53.80000000000000298650,0.98966094202549443747
53.90000000000000299205,0.99902841646401594725
54.00000000000000299760,0.99843181352394767407
54.10000000000000300315,0.98788297859707662266
54.20000000000000300870,0.96758962121264314147
54.30000000000000301426,0.93794219143742735533
54.40000000000000301981,0.89948994765050328327
54.50000000000000302536,0.85290896109362076248
54.60000000000000303091,0.79896551786592709654
54.70000000000000303646,0.73847854729443996940
54.80000000000000304201,0.67228437248016802315
54.90000000000000304756,0.60120638124935255124
55.00000000000000305311,0.52603133304304066156
55.10000000000000305866,0.44749312174107095825
55.20000000000000306422,0.36626403601714003846
55.30000000000000306977,0.28295296994995801712
55.40000000000000307532,0.19810965465705053303
55.50000000000000308087,0.11223378284287482294
55.60000000000000308642,0.02578783499059734951
55.70000000000000309197,-0.06078756629245739863
55.80000000000000309752,-0.14705689876795516430
55.90000000000000310307,-0.23257266397081615070
56.00000000000000310862,-0.31685906481009850196
56.10000000000000311418,-0.39939753525031037343
56.20000000000000311973,-0.47961526759839222467
56.30000000000000312528,-0.55687792439928792809
56.40000000000000313083,-0.63048771350658390527
56.50000000000000313638,-0.69968789334690366220
56.60000000000000314193,-0.76367450725627998787
56.70000000000000314748,-0.82161568106298014962
56.80000000000000315303,-0.87267814760315254611
56.90000000000000315858,-0.91605982401082643293
57.00000000000000316414,-0.95102635867727255254
57.10000000000000316969,-0.97694873480800397520
57.20000000000000317524,-0.99333844692182371173
57.30000000000000318079,-0.99987662394862291808
57.40000000000000318634,-0.99643386304288542130
57.50000000000000319189,-0.98307846039607017411
57.60000000000000319744,-0.96007205419788572368
57.70000000000000320299,-0.92785320284532213868
57.80000000000000320854,-0.88701083390507356595
57.90000000000000321410,-0.83825056678174061404
58.00000000000000321965,-0.78235747357646666508
58.10000000000000322520,-0.72015885856461099709
58.20000000000000323075,-0.65249018293538897596
58.30000000000000323630,-0.58016649229966606302
58.40000000000000324185,-0.50396080191468217751
58.50000000000000324740,-0.42459002157795786608
58.60000000000000325295,-0.34270827295596888675
58.70000000000000325850,-0.25890692255461056386
58.80000000000000326406,-0.17372032754579261735
58.90000000000000326961,-0.08763613688699975702
59.00000000000000327516,-0.00110895564056818072
59.10000000000000328071,0.08542378836694010064
59.20000000000000328626,0.17152488680504876293
59.30000000000000329181,0.25674037938834341635
59.40000000000000329736,0.34058364561592273617
59.50000000000000330291,0.42252166978557256373
59.60000000000000330846,0.50196463892387948365
59.70000000000000331402,0.57826006552141629027
59.80000000000000331957,0.65069259478339515953
59.90000000000000332512,0.71849050508661951636
60.00000000000000333067,0.78083958924447603955
60.10000000000000333622,0.83690457997901833849
60.20000000000000334177,0.88585755847501444912
60.30000000000000334732,0.92691191439831740985
60.40000000000000335287,0.95935952209143924901
60.50000000000000335842,0.98260802283128614220
60.60000000000000336398,0.99621463901936095793
60.70000000000000336953,0.99991294870971814406
60.80000000000000337508,0.99362959639667895045
60.90000000000000338063,0.97748897200062221101
61.00000000000000338618,0.95180529641015008588
61.10000000000000339173,0.91706306091469101579
61.20000000000000339728,0.87388810449647850905
61.30000000000000340283,0.82301254760852840715
61.40000000000000340838,0.76523720568195278307
61.50000000000000341394,0.70139497563756541908
61.60000000000000341949,0.63231812710810603352
61.70000000000000342504,0.55881160444989470544
61.80000000000000343059,0.48163353662900833154
61.90000000000000343614,0.40148331094700814286
62.00000000000000344169,0.31899689108382576201
62.10000000000000344724,0.23474858990698305535
62.20000000000000345279,0.14925823472830868070
62.30000000000000345834,0.06300254777434959868
62.40000000000000346390,-0.02357044575191098266
62.50000000000000346945,-0.11002512884107384933
62.60000000000000347500,-0.19592122198549433160
62.70000000000000348055,-0.28079700411524797978
62.80000000000000348610,-0.36415390852263077043
