0.00000000000000000000,1.00000000000000000000
0.10000000000000000555,1.00000000000000000000
0.20000000000000001110,0.99001665833531718398
0.30000000000000001665,0.97014972525581106124
0.40000000000000002220,0.94069309380641243041
0.50000000000000002776,0.90211845945647764505
0.60000000000000003331,0.85504828736170634148
0.70000000000000003886,0.80022098678333289937
0.80000000000000004441,0.73845193368729841960
0.90000000000000004996,0.67059415145489128910
1.00000000000000005551,0.59750209159991727313
1.10000000000000006106,0.52000119203531230516
1.20000000000000006661,0.43886492446832329410
1.30000000000000007216,0.35480006763638708171
1.40000000000000007772,0.26844010711179507148
1.50000000000000008327,0.18034604763747925540
1.60000000000000008882,0.09101354843721174931
1.70000000000000009437,0.00088512493897097149
1.80000000000000009992,-0.08963385667772851227
1.90000000000000010547,-0.18015659978743979620
2.00000000000000011102,-0.27029483280011592898
2.10000000000000011657,-0.35963835905047111032
2.20000000000000012212,-0.44773525554542960284
2.30000000000000012768,-0.53407383744346602263
2.40000000000000013323,-0.61806762575700088347
2.50000000000000013878,-0.69904470486840988847
2.60000000000000014433,-0.77624298322221539783
2.70000000000000014988,-0.84881290468552187669
2.80000000000000015543,-0.91582901583453766946
2.90000000000000016098,-0.97631139201948624476
3.00000000000000016653,-1.02925720069325207394
3.10000000000000017208,-1.07368162378919036325
3.20000000000000017764,-1.10866604323888388092
3.30000000000000018319,-1.13340998738092313316
3.40000000000000018874,-1.14728210775055655668
3.50000000000000019429,-1.14986472234020753978
3.60000000000000019984,-1.14098650801255561613
3.70000000000000020539,-1.12073890480242976204
3.80000000000000021094,-1.08947364837112945131
3.90000000000000021649,-1.04778127742103778172
4.00000000000000022204,-0.99645299666658839421
4.10000000000000022760,-0.93643039183418852911
4.20000000000000023315,-0.86874877680089248667
4.30000000000000023870,-0.79448021429332164813
4.40000000000000024425,-0.71468156050203288977
4.50000000000000024980,-0.63035151806117136608
4.60000000000000025535,-0.54239901694199598646
4.70000000000000026090,-0.45162363608958110389
4.80000000000000026645,-0.35870748530361376571
4.90000000000000027200,-0.26421710828343822938
5.00000000000000027756,-0.16861354481641128221
5.10000000000000028311,-0.07226862227102508559
5.20000000000000028866,0.02451428402874690667
5.30000000000000029421,0.12147649548376030384
5.40000000000000029976,0.21837845181131171763
5.50000000000000030531,0.31497323843584951029
5.60000000000000031086,0.41098001290089977532
5.70000000000000031641,0.50605812057223902093
5.80000000000000032196,0.59978282561567622145
5.90000000000000032752,0.69162384471490114522
6.00000000000000033307,0.78092822366779281114
6.10000000000000033862,0.86690947918396568791
6.20000000000000034417,0.94864524570448928193
6.30000000000000034972,1.02508579223070565476
6.40000000000000035527,1.09507555552466571980
6.50000000000000036082,1.15738912479413915768
6.60000000000000036637,1.21078180932853088174
6.70000000000000037192,1.25405303565473634833
6.80000000000000037748,1.28611853705708377947
6.90000000000000038303,1.30608499860711061498
7.00000000000000038858,1.31331905208399812965
7.10000000000000039413,1.30750186583014383495
7.20000000000000039968,1.28866148184167143614
7.30000000000000040523,1.25717760176960336328
7.40000000000000041078,1.21375733531899884982
7.50000000000000041633,1.15938470566991746363
7.60000000000000042188,1.09525047705976277346
7.70000000000000042744,1.02267128235898276632
7.80000000000000043299,0.94300764310267725456
7.90000000000000043854,0.85758936741427782438
8.00000000000000044409,0.76765448700144847606
8.10000000000000044964,0.67430506154908502719
8.20000000000000045519,0.57848050459147761220
8.30000000000000046074,0.48094702495196122179
8.40000000000000046629,0.38230052074280577738
8.50000000000000047184,0.28297977112100500838
8.60000000000000047740,0.18328686940759976752
8.70000000000000048295,0.08341230754154341808
8.80000000000000048850,-0.01653724879620162547
8.90000000000000049405,-0.11650981850916645155
9.00000000000000049960,-0.21647837837708294151
9.10000000000000050515,-0.31641094021490391274
9.20000000000000051070,-0.41624060414484531065
9.30000000000000051625,-0.51583572905869770039
9.40000000000000052180,-0.61497051763076069876
9.50000000000000052736,-0.71329665398384733922
9.60000000000000053291,-0.81031714534241421836
9.70000000000000053846,-0.90536417340692636375
9.80000000000000054401,-0.99758349061954903342
9.90000000000000054956,-1.08592858273441541313
10.00000000000000055511,-1.16916827930073852475
10.10000000000000056066,-1.24591148327815570273
10.20000000000000056621,-1.31465193593705368346
10.30000000000000057176,-1.37383420276852770414
10.40000000000000057732,-1.42193928668210295408
10.50000000000000058287,-1.45758465946162538336
10.60000000000000058842,-1.47962964127876694974
10.70000000000000059397,-1.48727389123858770375
10.80000000000000059952,-1.48013538594476091635
10.90000000000000060507,-1.45829552052793125552
11.00000000000000061062,-1.42230309115304182489
11.10000000000000061617,-1.37313524077934034505
11.20000000000000062172,-1.31212050174364584310
11.30000000000000062728,-1.24083504690860181271
11.40000000000000063283,-1.16098668346661247424
11.50000000000000063838,-1.07430135534672879381
11.60000000000000064393,-0.98242432342562741786
11.70000000000000064948,-0.88684386153048147197
11.80000000000000065503,-0.78884057066512964455
11.90000000000000066058,-0.68946137272029227821
12.00000000000000066613,-0.58951450914184799442
12.10000000000000067168,-0.48958055046883073533
12.20000000000000067724,-0.39003427930857144889
12.30000000000000068279,-0.29107294694981838094
12.40000000000000068834,-0.19274742959083823426
12.50000000000000069389,-0.09499392092089538312
12.60000000000000069944,0.00233519591599801461
12.70000000000000070499,0.09944184314172838922
12.80000000000000071054,0.19655406438595524304
12.90000000000000071609,0.29389873111822012133
13.00000000000000072164,0.39167450528621034156
13.10000000000000072720,0.49002438183836343968
13.20000000000000073275,0.58900724542453878550
13.30000000000000073830,0.68856814524994267230
13.40000000000000074385,0.78850743939984503579
13.50000000000000074940,0.88844960801149894453
13.60000000000000075495,0.98781339657357200215
13.70000000000000076050,1.08578600725429848717
13.80000000000000076605,1.18130522594475294740
13.90000000000000077161,1.27305447784710152443
14.00000000000000077716,1.35947654487427833686
14.10000000000000078271,1.43881163443434558142
14.20000000000000078826,1.50916418304049678486
14.30000000000000079381,1.56859981567536390745
14.40000000000000079936,1.61526917833243864109
14.50000000000000080491,1.64754939159008571533
14.60000000000000081046,1.66418782077655144983
14.70000000000000081601,1.66442849721114093662
14.80000000000000082157,1.64810072872629704481
14.90000000000000082712,1.61565339707326195999
15.00000000000000083267,1.56812691989843684714
15.10000000000000083822,1.50706594788361648548
15.20000000000000084377,1.43438652942078855425
15.30000000000000084932,1.35221869206203865405
15.40000000000000085487,1.26274739196010283573
15.50000000000000086042,1.16807165413649357872
15.60000000000000086597,1.07009513718412585287
15.70000000000000087153,0.97045366396635264527
15.80000000000000087708,0.87047853898366418280
15.90000000000000088263,0.77118992156241937037
16.00000000000000088818,0.67331238563012942640
16.10000000000000089373,0.57730464118527306333
16.20000000000000089928,0.48339650303113921144
16.30000000000000090483,0.39162787468434884672
16.40000000000000091038,0.30188625871597938254
16.50000000000000091593,0.21394081533688870676
16.60000000000000092149,0.12747215287664072166
16.70000000000000092704,0.04209784606928231476
16.80000000000000093259,-0.04260580200473651240
16.90000000000000093814,-0.12708493548488800857
17.00000000000000094369,-0.21179128341198846929
17.10000000000000094924,-0.29716621889209364813
17.20000000000000095479,-0.38362468870641776552
17.30000000000000096034,-0.47153798875519212697
17.40000000000000096589,-0.56121442339720270374
17.50000000000000097145,-0.65287700176443487027
17.60000000000000097700,-0.74663752393839993062
17.70000000000000098255,-0.84246674259575740932
17.80000000000000098810,-0.94016081237719505717
17.90000000000000099365,-1.03930502590755863008
18.00000000000000099920,-1.13923693654376007316
18.10000000000000100475,-1.23901239634824634486
18.20000000000000101030,-1.33737971882303152964
18.30000000000000101585,-1.43276888920100334529
18.40000000000000102141,-1.52330406925446979664
18.50000000000000102696,-1.60684793837984477114
18.60000000000000103251,-1.68108489105159463145
18.70000000000000103806,-1.74364605664180764312
18.80000000000000104361,-1.79227225693651454638
18.90000000000000104916,-1.82500201676576027856
19.00000000000000105471,-1.84036246354759164550
19.10000000000000106026,-1.83753432103812149024
19.20000000000000106581,-1.81646134313517141777
19.30000000000000107137,-1.77788133590896157087
19.40000000000000107692,-1.72326971343914007095
19.50000000000000108247,-1.65470377602774229673
19.60000000000000108802,-1.57467133395674988776
19.70000000000000109357,-1.48585620704957420402
19.80000000000000109912,-1.39093337938030751368
19.90000000000000110467,-1.29239931732365107312
20.00000000000000111022,-1.19245161864919486960
20.10000000000000111577,-1.09292069503922849327
20.20000000000000112133,-0.99524746967138012809
20.30000000000000112688,-0.90049624541835553208
20.40000000000000113243,-0.80939064734823003397
20.50000000000000113798,-0.72236175889012086315
20.60000000000000114353,-0.63960001825439088404
20.70000000000000114908,-0.56110514996695236685
20.80000000000000115463,-0.48673079317824719786
20.90000000000000116018,-0.41622230930870776503
21.00000000000000116573,-0.34924748581844026248
21.10000000000000117129,-0.28542059347648745778
21.20000000000000117684,-0.22432063089693928172
21.30000000000000118239,-0.16550472494513441964
21.40000000000000118794,-0.10851764673948855846
21.50000000000000119349,-0.05289832029041681775
21.60000000000000119904,0.00181590986773638396
21.70000000000000120459,0.05608659668536712918
21.80000000000000121014,0.11037253483772333787
21.90000000000000121569,0.16512864516436345815
22.00000000000000122125,0.22080496106713306321
22.10000000000000122680,0.27784530028482882325
22.20000000000000123235,0.33668520174563482545
22.30000000000000123790,0.39774867973835353543
22.40000000000000124345,0.46144329914183093168
22.50000000000000124900,0.52815301046155253389
22.60000000000000125455,0.59822810977124898029
22.70000000000000126010,0.67197161960560907248
22.80000000000000126565,0.74962134404912143473
22.90000000000000127121,0.83132686844476425382
23.00000000000000127676,0.91712090108873603234
23.10000000000000128231,1.00688465993946323063
23.20000000000000128786,1.10030757977803907112
23.30000000000000129341,1.19684255408644277469
23.40000000000000129896,1.29565932159197378032
23.50000000000000130451,1.39560049935395663265
23.60000000000000131006,1.49514707227416746775
23.70000000000000131561,1.59240258060013236319
23.80000000000000132117,1.68510720305852496211
23.90000000000000132672,1.77069346512858748004
24.00000000000000133227,1.84639321175155163225
24.10000000000000133782,1.90939966683185790306
24.20000000000000134337,1.95707846805590160444
24.30000000000000134892,1.98720859486692749294
24.40000000000000135447,1.99822113322552506829
24.50000000000000136002,1.98939546516608256371
24.60000000000000136557,1.96097336981918323893
24.70000000000000137113,1.91416391068592667724
24.80000000000000137668,1.85103372983837644137
24.90000000000000138223,1.77430200854613299934
25.00000000000000138778,1.68707866427926790631
25.10000000000000139333,1.59259221248443115558
25.20000000000000139888,1.49394886360496743981
25.30000000000000140443,1.39395045894492511721
25.40000000000000140998,1.29498183065841172910
25.50000000000000141553,1.19896357285905734533
25.60000000000000142109,1.10735702276161916279
25.70000000000000142664,1.02120478890031277596
25.80000000000000143219,0.94119101790057639378
25.90000000000000143774,0.86770881223881167954
26.00000000000000144329,0.80092613483551656600
26.10000000000000144884,0.74084510971871481762
26.20000000000000145439,0.68735238009910552305
26.30000000000000145994,0.64026004315540541216
26.40000000000000146549,0.59933777836719466059
26.50000000000000147105,0.56433732521822519606
26.60000000000000147660,0.53501063923500998839
26.70000000000000148215,0.51112301450885143535
26.80000000000000148770,0.49246231199605783939
26.90000000000000149325,0.47884524284320998096
27.00000000000000149880,0.47012146278507801139
27.10000000000000150435,0.46617605609877927743
27.20000000000000150990,0.46693083257064542881
27.30000000000000151545,0.47234472856321651260
27.40000000000000152101,0.48241349015838029499
27.50000000000000152656,0.49716871751566382490
27.60000000000000153211,0.51667625953681157612
27.70000000000000153766,0.54103386126170475724
27.80000000000000154321,0.57036787815021750724
27.90000000000000154876,0.60482877727460595911
28.00000000000000155431,0.64458504238511167876
28.10000000000000155986,0.68981498669871960951
28.20000000000000156541,0.74069585622089132457
28.30000000000000157097,0.79738948484270897655
28.40000000000000157652,0.86002365604878617384
28.50000000000000158207,0.92866826294142560360
28.60000000000000158762,1.00330538415017324425
28.70000000000000159317,1.08379257686548055844
28.80000000000000159872,1.16981912557791325655
28.90000000000000160427,1.26085579764936825539
29.00000000000000160982,1.35609997844013424725
29.10000000000000161537,1.45442000059931654922
29.20000000000000162093,1.55430506530244497815
29.30000000000000162648,1.65383020139933001997
29.40000000000000163203,1.75064871129139646528
29.50000000000000163758,1.84202654436476785432
29.60000000000000164313,1.92493259216889924760
29.70000000000000164868,1.99619437764040961536
29.80000000000000165423,2.05271881244168216793
29.90000000000000165978,2.09176285975355561787
30.00000000000000166533,2.11122172915728830312
30.10000000000000167089,2.10988795124751670178
30.20000000000000167644,2.08762992328797169074
30.30000000000000168199,2.04544815600390805679
30.40000000000000168754,1.98539128908245363189
30.50000000000000169309,1.91034534575840731190
30.60000000000000169864,1.82373787938694570160
30.70000000000000170419,1.72921383224036404958
30.80000000000000170974,1.63033809857180571421
30.90000000000000171529,1.53036415664858158980
31.00000000000000172085,1.43208644772985459290
31.10000000000000172640,1.33777434413319729479
31.20000000000000173195,1.24917240714892988562
31.30000000000000173750,1.16754619935108762711
31.40000000000000174305,1.09375351285873417991
31.50000000000000174860,1.02832486715585963238
31.60000000000000175415,0.97154218580858298695
31.70000000000000175970,0.92350919052090134413
31.80000000000000176525,0.88421058701759003404
31.90000000000000177081,0.85355945879446536390
32.00000000000000177636,0.83143361832265892490
32.10000000000000178191,0.81770226710013048404
32.20000000000000178746,0.81224444425229667255
32.30000000000000179301,0.81496059674143360278
32.40000000000000179856,0.82577831715498793453
32.50000000000000180411,0.84465294979721476236
32.60000000000000180966,0.87156340850429051003
32.70000000000000181521,0.90650320507909576054
32.80000000000000182077,0.94946637154016079614
32.90000000000000182632,1.00042769015869123690
33.00000000000000183187,1.05931645113428161086
33.10000000000000183742,1.12598288732352766234
33.20000000000000184297,1.20015656582732586802
33.30000000000000184852,1.28139645953750733805
33.40000000000000185407,1.36903332468657204513
33.50000000000000185962,1.46210653922071969163
33.60000000000000186517,1.55929985414720157443
33.70000000000000187073,1.65888360940667107743
33.80000000000000187628,1.75867465295600470751
33.90000000000000188183,1.85602883479536196962
34.00000000000000188738,1.94788329718704648517
34.10000000000000189293,2.03086502527457799308
34.20000000000000189848,2.10147619155670253486
34.30000000000000190403,2.15635429102479734761
34.40000000000000190958,2.19258646816292804413
34.50000000000000191513,2.20803656048120903132
34.60000000000000192069,2.20162732106014153496
34.70000000000000192624,2.17351733282498731830
34.80000000000000193179,2.12512759716929560327
34.90000000000000193734,2.05900479978276987727
35.00000000000000194289,1.97854683755156450173
35.10000000000000194844,1.88764728677407174202
35.20000000000000195399,1.79032813749119348878
35.30000000000000195954,1.69042190716253777356
35.40000000000000196509,1.59134153915704979485
35.50000000000000197065,1.49594981385777555695
35.60000000000000197620,1.40651838312278819147
35.70000000000000198175,1.32475429538208246041
35.80000000000000198730,1.25186869741627305531
35.90000000000000199285,1.18866537580829413894
36.00000000000000199840,1.13563258925983294999
36.10000000000000200395,1.09302772186061266117
36.20000000000000200950,1.06094929015395180566
36.30000000000000201505,1.03939432499255851865
36.40000000000000202061,1.02830122833130641546
36.50000000000000202616,1.02757920292765975894
36.60000000000000203171,1.03712562366163793483
36.70000000000000203726,1.05683255666159732825
36.80000000000000204281,1.08658325081191299512
36.90000000000000204836,1.12623897409318824315
37.00000000000000205391,1.17561615343183121943
37.10000000000000205946,1.23445349775382714401
37.20000000000000206501,1.30236874788791525987
37.30000000000000207057,1.37880504178321687439
37.40000000000000207612,1.46296778425629351401
37.50000000000000208167,1.55375456662237275180
37.60000000000000208722,1.64968326897034401907
37.70000000000000209277,1.74882704637611057787
37.80000000000000209832,1.84876920316615833706
37.90000000000000210387,1.94659522721352882808
38.00000000000000210942,2.03894199286386447142
38.10000000000000211497,2.12212311308190995510
38.20000000000000212053,2.19234210567730457265
38.30000000000000212608,2.24598975255239430293
38.40000000000000213163,2.27999964698249219159
38.50000000000000213718,2.29221140342016966858
38.60000000000000214273,2.28167332315372480629
38.70000000000000214828,2.24881548690121228101
38.80000000000000215383,2.19544586438704028976
38.90000000000000215938,2.12456225017964745469
39.00000000000000216493,2.04001809295476305237
39.10000000000000217049,1.94611339347908985481
39.20000000000000217604,1.84719112100105298366
39.30000000000000218159,1.74730469464228803215
39.40000000000000218714,1.64999267229191488708
39.50000000000000219269,1.55816593600103076749
39.60000000000000219824,1.47409006854931680353
39.70000000000000220379,1.39943474107181691066
39.80000000000000220934,1.33536107344595633185
39.90000000000000221489,1.28262307224856559077
40.00000000000000222045,1.24166651486865486996
40.10000000000000222600,1.21271545446197536648
40.20000000000000223155,1.19584168548066636754
40.30000000000000223710,1.19101582967951766744
40.40000000000000224265,1.19814047429488065703
40.50000000000000224820,1.21706647143084375161
40.60000000000000225375,1.24759352277147185625
40.70000000000000225930,1.28945587727665321248
40.80000000000000226485,1.34229363688717261236
40.90000000000000227041,1.40561002944445237071
41.00000000000000227596,1.47871529536674238287
41.10000000000000228151,1.56065878750539146407
41.20000000000000228706,1.65015275455038642886
41.30000000000000229261,1.74549427538178703989
41.40000000000000229816,1.84449597133735449341
41.50000000000000230371,1.94444109575635093283
41.60000000000000230926,2.04208337021763336829
41.70000000000000231482,2.13371458878529164128
41.80000000000000232037,2.21532077450797848734
41.90000000000000232592,2.28283758717137412225
42.00000000000000233147,2.33249613725111271437
42.10000000000000233702,2.36122325979738002452
42.20000000000000234257,2.36703270167230139559
42.30000000000000234812,2.34932702315071185941
42.40000000000000235367,2.30903562728380521416
42.50000000000000235922,2.24854635419834691587
42.60000000000000236478,2.17143840790275531095
42.70000000000000237033,2.08207450849350354902
42.80000000000000237588,1.98514044177713199618
42.90000000000000238143,1.88522065394559968775
43.00000000000000238698,1.78647348179141888668
43.10000000000000239253,1.69243309834478593452
43.20000000000000239808,1.60593218603028536321
43.30000000000000240363,1.52911856082118257185
43.40000000000000240918,1.46353175175470041360
43.50000000000000241474,1.41020823764683513317
43.60000000000000242029,1.36979162520561035578
43.70000000000000242584,1.34263248798867133209
43.80000000000000243139,1.32886961045224656175
43.90000000000000243694,1.32848923546701032600
44.00000000000000244249,1.34136173809963640000
44.10000000000000244804,1.36725646386565596760
44.20000000000000245359,1.40583586443482028247
44.30000000000000245914,1.45663006454472810194
44.40000000000000246470,1.51899304683565822998
44.50000000000000247025,1.59204213967772532110
44.60000000000000247580,1.67458380387268257949
44.70000000000000248135,1.76503116821864775997
44.80000000000000248690,1.86132257536995186342
44.90000000000000249245,1.96085548417505843696
45.00000000000000249800,2.06045576179160335015
45.10000000000000250355,2.15640709578536536681
45.20000000000000250910,2.24456626148071017052
45.30000000000000251466,2.32058379963838926226
45.40000000000000252021,2.38023324840152536918
45.50000000000000252576,2.41982511053958987001
45.60000000000000253131,2.43664918250203860997
45.70000000000000253686,2.42936186438380569618
45.80000000000000254241,2.39822786795394519467
45.90000000000000254796,2.34514831740651819047
46.00000000000000255351,2.27345719189431149840
46.10000000000000255906,2.18752836513136799377
46.20000000000000256462,2.09228202280161225965
46.30000000000000257017,1.99269416402792152467
46.40000000000000257572,1.89339435613674441381
46.50000000000000258127,1.79839797813051193495
46.60000000000000258682,1.71097823633166777732
46.70000000000000259237,1.63365386615125615622
46.80000000000000259792,1.56825516075330435742
46.90000000000000260347,1.51603099130497994556
47.00000000000000260902,1.47776700144238610992
47.10000000000000261458,1.45389487190068496887
47.20000000000000262013,1.44458117378012307233
47.30000000000000262568,1.44979054722431849453
47.40000000000000263123,1.46932173500618372354
47.50000000000000263678,1.50281695479697369059
47.60000000000000264233,1.54974596373897066789
47.70000000000000264788,1.60936667376189867411
47.80000000000000265343,1.68066494944591912934
47.90000000000000265898,1.76227781443346658485
48.00000000000000266454,1.85240716294007805179
48.10000000000000267009,1.94873548287010268779
48.20000000000000267564,2.04836089738431953011
48.30000000000000268119,2.14777511401030733024
48.40000000000000268674,2.24291258495797644706
48.50000000000000269229,2.32929898940565759395
48.60000000000000269784,2.40231796404830117288
48.70000000000000270339,2.45759372561989558213
48.80000000000000270894,2.49145460242224452770
48.90000000000000271450,2.50140595969627222415
49.00000000000000272005,2.48651485947342074014
49.10000000000000272560,2.44760917980691200795
49.20000000000000273115,2.38722923012344024826
49.30000000000000273670,2.30933233355864179831
49.40000000000000274225,2.21881689255660014101
49.50000000000000274780,2.12097478897252075944
49.60000000000000275335,2.02098425766207540196
49.70000000000000275890,1.92352404557008753319
49.80000000000000276446,1.83254250727480423524
49.90000000000000277001,1.75117266207855220878
50.00000000000000277556,1.68175809761095395505
50.10000000000000278111,1.62594636954163377523
50.20000000000000278666,1.58481095140557157121
50.30000000000000279221,1.55897297576978366776
50.40000000000000279776,1.54870475248259633922
50.50000000000000280331,1.55400564304401462125
50.60000000000000280886,1.57464661536172669757
50.70000000000000281442,1.61018314111959771212
50.80000000000000281997,1.65993791570536027718
50.90000000000000282552,1.72295613025642963207
51.00000000000000283107,1.79793757332608569808
51.10000000000000283662,1.88315241472066927650
51.20000000000000284217,1.97635164593499213469
51.30000000000000284772,2.07468895079876223218
51.40000000000000285327,2.17467766345160980440
51.50000000000000285882,2.27221268036770950244
51.60000000000000286438,2.36268947881366249593
51.70000000000000286993,2.44124626912407362896
51.80000000000000287548,2.50313649983218238339
51.90000000000000288103,2.54420632998323660080
52.00000000000000288658,2.56141091913047790497
52.10000000000000289213,2.55326849540665113368
52.20000000000000289768,2.52014089976109232683
52.30000000000000290323,2.46425722380598039040
52.40000000000000290878,2.38946034418645233011
52.50000000000000291434,2.30073196623717374449
52.60000000000000291989,2.20360835273331988294
52.70000000000000292544,2.10361371384449186389
52.80000000000000293099,2.00581074687805749031
52.90000000000000293654,1.91451683784110152943
53.00000000000000294209,1.83318413522877264729
53.10000000000000294764,1.76440832669991707921
53.20000000000000295319,1.71001831797032979594
53.30000000000000295874,1.67120206249829718131
53.40000000000000296430,1.64863463152921350897
53.50000000000000296985,1.64258683032758017861
53.60000000000000297540,1.65300275609068042558
53.70000000000000298095,1.67954164050545371649
53.80000000000000298650,1.72158357829779664488
53.90000000000000299205,1.77820137595542582438
54.00000000000000299760,1.84810293689353691304
54.10000000000000300315,1.92955138749472901926
54.20000000000000300870,2.02027435164342203259
54.30000000000000301426,2.11737977575611663176
54.40000000000000301981,2.21730309728341963690
54.50000000000000302536,2.31581768866218895412
54.60000000000000303091,2.40814406815491977389
54.70000000000000303646,2.48918846542316240795
54.80000000000000304201,2.55392290986379374507
54.90000000000000304756,2.59788498007492397492
55.00000000000000305311,2.61773074759744861376
55.10000000000000305866,2.61173390238279412058
55.20000000000000306422,2.58010856681001580636
55.30000000000000306977,2.52505957877047701021
55.40000000000000307532,2.45053110629344660077
55.50000000000000308087,2.36170857067364925778
55.60000000000000308642,2.26439405909809386773
55.70000000000000309197,2.16439481779411894481
55.80000000000000309752,2.06703581598241651132
55.90000000000000310307,1.97685126597244308761
56.00000000000000310862,1.89745384149649952660
56.10000000000000311418,1.83154294317875570729
56.20000000000000311973,1.78099927517696861464
56.30000000000000312528,1.74701650614943321499
56.40000000000000313083,1.73023294243233475708
56.50000000000000313638,1.73083972869171176100
56.60000000000000314193,1.74865326635540099484
56.70000000000000314748,1.78314729506849194846
56.80000000000000315303,1.83344505986505860865
56.90000000000000315858,1.89827549292996003937
57.00000000000000316414,1.97590076139973182354
57.10000000000000316969,2.06402703292106963506
57.20000000000000317524,2.15971657577747178374
57.30000000000000318079,2.25932719375403946163
57.40000000000000318634,2.35851299541089958465
57.50000000000000319189,2.45232524168695918644
57.60000000000000319744,2.53544826207356596291
57.70000000000000320299,2.60258738195967260186
57.80000000000000320854,2.64899040883570689123
57.90000000000000321410,2.67103589987616439139
58.00000000000000321965,2.66677536887604518432
58.10000000000000322520,2.63629600031808088460
58.20000000000000323075,2.58179514324685193414
58.30000000000000323630,2.50732889983954333334
58.40000000000000324185,2.41828957076309514684
58.50000000000000324740,2.32074047498547664172
58.60000000000000325295,2.22076042229946276014
58.70000000000000325850,2.12392005209704836060
58.80000000000000326406,2.03495075401541667976
58.90000000000000326961,1.95760485570955034137
59.00000000000000327516,1.89466451886888626944
59.10000000000000328071,1.84804149785915358770
59.20000000000000328626,1.81891410415440176666
59.30000000000000329181,1.80786132321249685690
59.40000000000000329736,1.81496905615614877356
59.50000000000000330291,1.83989577119400494522
59.60000000000000330846,1.88189350515895595926
59.70000000000000331402,1.93978602616830693483
59.80000000000000331957,2.01191061418320660975
59.90000000000000332512,2.09603489798342042054
60.00000000000000333067,2.18926664224942466074
60.10000000000000333622,2.28798260830595339170
60.20000000000000334177,2.38781152840568600712
60.30000000000000334732,2.48371274448287410186
60.40000000000000335287,2.57019084754825832199
60.50000000000000335842,2.64167118271721774493
60.60000000000000336398,2.69302677051821256517
60.70000000000000336953,2.72019654180687157257
60.80000000000000337508,2.72078193735375865902
60.90000000000000338063,2.69447853087637478474
61.00000000000000338618,2.64321563665130161843
61.10000000000000339173,2.57094626811896940230
61.20000000000000339728,2.48312973328623522520
61.30000000000000340283,2.38603620852241563683
61.40000000000000340838,2.28603840274693702155
61.50000000000000341394,2.18903020718172362075
61.60000000000000341949,2.10004757902776770413
61.70000000000000342504,2.02309736066181438427
61.80000000000000343059,1.96115121190403186543
61.90000000000000343614,1.91624219350853132449
62.00000000000000344169,1.88960454919218842195
62.10000000000000344724,1.88181171212244321219
62.20000000000000345279,1.89288426058582234660
62.30000000000000345834,1.92235355378935683949
62.40000000000000346390,1.96927690412168233957
62.50000000000000346945,2.03220735301447338970
62.60000000000000347500,2.10912718497931853633
62.70000000000000348055,2.19736094358704406207
62.80000000000000348610,2.29349194759279254464
