0.0010000000,0.0019999990
0.0020000000,0.0029999960
0.0030000000,0.0039999900
0.0040000000,0.0049999800
0.0050000000,0.0059999650
0.0060000000,0.0069999440
0.0070000000,0.0079999160
0.0080000000,0.0089998800
0.0090000000,0.0099998350
0.0100000000,0.0109997800
0.0110000000,0.0119997140
0.0120000000,0.0129996360
0.0130000000,0.0139995450
0.0140000000,0.0149994400
0.0150000000,0.0159993200
0.0160000000,0.0169991840
0.0170000000,0.0179990310
0.0180000000,0.0189988600
0.0190000000,0.0199986700
0.0200000000,0.0209984600
0.0210000000,0.0219982290
0.0220000000,0.0229979761
0.0230000000,0.0239977001
0.0240000000,0.0249974001
0.0250000000,0.0259970751
0.0260000000,0.0269967241
0.0270000000,0.0279963461
0.0280000000,0.0289959402
0.0290000000,0.0299955052
0.0300000000,0.0309950402
0.0310000000,0.0319945443
0.0320000000,0.0329940163
0.0330000000,0.0339934554
0.0340000000,0.0349928604
0.0350000000,0.0359922305
0.0360000000,0.0369915646
0.0370000000,0.0379908617
0.0380000000,0.0389901207
0.0390000000,0.0399893409
0.0400000000,0.0409885210
0.0410000000,0.0419876601
0.0420000000,0.0429867572
0.0430000000,0.0439858114
0.0440000000,0.0449848215
0.0450000000,0.0459837867
0.0460000000,0.0469827059
0.0470000000,0.0479815781
0.0480000000,0.0489804023
0.0490000000,0.0499791776
0.0500000000,0.0509779029
0.0510000000,0.0519765772
0.0520000000,0.0529751995
0.0530000000,0.0539737688
0.0540000000,0.0549722842
0.0550000000,0.0559707446
0.0560000000,0.0569691490
0.0570000000,0.0579674965
0.0580000000,0.0589657859
0.0590000000,0.0599640165
0.0600000000,0.0609621870
0.0610000000,0.0619602966
0.0620000000,0.0629583443
0.0630000000,0.0639563289
0.0640000000,0.0649542497
0.0650000000,0.0659521054
0.0660000000,0.0669498952
0.0670000000,0.0679476181
0.0680000000,0.0689452730
0.0690000000,0.0699428590
0.0700000000,0.0709403750
0.0710000000,0.0719378201
0.0720000000,0.0729351933
0.0730000000,0.0739324935
0.0740000000,0.0749297198
0.0750000000,0.0759268711
0.0760000000,0.0769239465
0.0770000000,0.0779209450
0.0780000000,0.0789178656
0.0790000000,0.0799147073
0.0800000000,0.0809114690
0.0810000000,0.0819081499
0.0820000000,0.0829047488
0.0830000000,0.0839012648
0.0840000000,0.0848976969
0.0850000000,0.0858940442
0.0860000000,0.0868903055
0.0870000000,0.0878864799
0.0880000000,0.0888825665
0.0890000000,0.0898785642
0.0900000000,0.0908744720
0.0910000000,0.0918702889
0.0920000000,0.0928660139
0.0930000000,0.0938616461
0.0940000000,0.0948571844
0.0950000000,0.0958526279
0.0960000000,0.0968479755
0.0970000000,0.0978432263
0.0980000000,0.0988383792
0.0990000000,0.0998334333
0.1000000000,0.1008283875
0.1010000000,0.1018232409
0.1020000000,0.1028179925
0.1030000000,0.1038126413
0.1040000000,0.1048071863
0.1050000000,0.1058016264
0.1060000000,0.1067959608
0.1070000000,0.1077901884
0.1080000000,0.1087843081
0.1090000000,0.1097783191
0.1100000000,0.1107722203
0.1110000000,0.1117660108
0.1120000000,0.1127596894
0.1130000000,0.1137532553
0.1140000000,0.1147467075
0.1150000000,0.1157400449
0.1160000000,0.1167332666
0.1170000000,0.1177263715
0.1180000000,0.1187193587
0.1190000000,0.1197122272
0.1200000000,0.1207049760
0.1210000000,0.1216976041
0.1220000000,0.1226901104
0.1230000000,0.1236824941
0.1240000000,0.1246747541
0.1250000000,0.1256668895
0.1260000000,0.1266588991
0.1270000000,0.1276507821
0.1280000000,0.1286425375
0.1290000000,0.1296341642
0.1300000000,0.1306256613
0.1310000000,0.1316170277
0.1320000000,0.1326082626
0.1330000000,0.1335993648
0.1340000000,0.1345903334
0.1350000000,0.1355811674
0.1360000000,0.1365718659
0.1370000000,0.1375624278
0.1380000000,0.1385528521
0.1390000000,0.1395431379
0.1400000000,0.1405332841
0.1410000000,0.1415232898
0.1420000000,0.1425131539
0.1430000000,0.1435028756
0.1440000000,0.1444924538
0.1450000000,0.1454818874
0.1460000000,0.1464711756
0.1470000000,0.1474603173
0.1480000000,0.1484493115
0.1490000000,0.1494381573
0.1500000000,0.1504268537
0.1510000000,0.1514153996
0.1520000000,0.1524037941
0.1530000000,0.1533920362
0.1540000000,0.1543801250
0.1550000000,0.1553680593
0.1560000000,0.1563558383
0.1570000000,0.1573434609
0.1580000000,0.1583309262
0.1590000000,0.1593182331
0.1600000000,0.1603053807
0.1610000000,0.1612923681
0.1620000000,0.1622791941
0.1630000000,0.1632658578
0.1640000000,0.1642523583
0.1650000000,0.1652386945
0.1660000000,0.1662248655
0.1670000000,0.1672108703
0.1680000000,0.1681967078
0.1690000000,0.1691823772
0.1700000000,0.1701678774
0.1710000000,0.1711532074
0.1720000000,0.1721383662
0.1730000000,0.1731233529
0.1740000000,0.1741081665
0.1750000000,0.1750928060
0.1760000000,0.1760772704
0.1770000000,0.1770615587
0.1780000000,0.1780456700
0.1790000000,0.1790296032
0.1800000000,0.1800133574
0.1810000000,0.1809969315
0.1820000000,0.1819803247
0.1830000000,0.1829635359
0.1840000000,0.1839465641
0.1850000000,0.1849294084
0.1860000000,0.1859120677
0.1870000000,0.1868945412
0.1880000000,0.1878768277
0.1890000000,0.1888589264
0.1900000000,0.1898408362
0.1910000000,0.1908225561
0.1920000000,0.1918040853
0.1930000000,0.1927854226
0.1940000000,0.1937665672
0.1950000000,0.1947475179
0.1960000000,0.1957282740
0.1970000000,0.1967088343
0.1980000000,0.1976891979
0.1990000000,0.1986693638
0.2000000000,0.1996493310
0.2010000000,0.2006290986
0.2020000000,0.2016086656
0.2030000000,0.2025880309
0.2040000000,0.2035671937
0.2050000000,0.2045461529
0.2060000000,0.2055249076
0.2070000000,0.2065034567
0.2080000000,0.2074817993
0.2090000000,0.2084599345
0.2100000000,0.2094378611
0.2110000000,0.2104155784
0.2120000000,0.2113930852
0.2130000000,0.2123703807
0.2140000000,0.2133474637
0.2150000000,0.2143243334
0.2160000000,0.2153009888
0.2170000000,0.2162774289
0.2180000000,0.2172536527
0.2190000000,0.2182296593
0.2200000000,0.2192054476
0.2210000000,0.2201810168
0.2220000000,0.2211563657
0.2230000000,0.2221314935
0.2240000000,0.2231063992
0.2250000000,0.2240810817
0.2260000000,0.2250555402
0.2270000000,0.2260297736
0.2280000000,0.2270037810
0.2290000000,0.2279775614
0.2300000000,0.2289511138
0.2310000000,0.2299244372
0.2320000000,0.2308975307
0.2330000000,0.2318703934
0.2340000000,0.2328430241
0.2350000000,0.2338154221
0.2360000000,0.2347875862
0.2370000000,0.2357595155
0.2380000000,0.2367312090
0.2390000000,0.2377026659
0.2400000000,0.2386738850
0.2410000000,0.2396448654
0.2420000000,0.2406156062
0.2430000000,0.2415861064
0.2440000000,0.2425563650
0.2450000000,0.2435263811
0.2460000000,0.2444961536
0.2470000000,0.2454656816
0.2480000000,0.2464349642
0.2490000000,0.2474040003
0.2500000000,0.2483727890
0.2510000000,0.2493413293
0.2520000000,0.2503096203
0.2530000000,0.2512776610
0.2540000000,0.2522454504
0.2550000000,0.2532129876
0.2560000000,0.2541802716
0.2570000000,0.2551473014
0.2580000000,0.2561140760
0.2590000000,0.2570805945
0.2600000000,0.2580468559
0.2610000000,0.2590128593
0.2620000000,0.2599786037
0.2630000000,0.2609440881
0.2640000000,0.2619093115
0.2650000000,0.2628742731
0.2660000000,0.2638389718
0.2670000000,0.2648034066
0.2680000000,0.2657675766
0.2690000000,0.2667314809
0.2700000000,0.2676951184
0.2710000000,0.2686584882
0.2720000000,0.2696215894
0.2730000000,0.2705844210
0.2740000000,0.2715469819
0.2750000000,0.2725092713
0.2760000000,0.2734712883
0.2770000000,0.2744330317
0.2780000000,0.2753945007
0.2790000000,0.2763556943
0.2800000000,0.2773166116
0.2810000000,0.2782772515
0.2820000000,0.2792376132
0.2830000000,0.2801976956
0.2840000000,0.2811574978
0.2850000000,0.2821170189
0.2860000000,0.2830762579
0.2870000000,0.2840352137
0.2880000000,0.2849938856
0.2890000000,0.2859522724
0.2900000000,0.2869103733
0.2910000000,0.2878681873
0.2920000000,0.2888257134
0.2930000000,0.2897829507
0.2940000000,0.2907398982
0.2950000000,0.2916965550
0.2960000000,0.2926529201
0.2970000000,0.2936089925
0.2980000000,0.2945647713
0.2990000000,0.2955202555
0.3000000000,0.2964754443
0.3010000000,0.2974303365
0.3020000000,0.2983849313
0.3030000000,0.2993392278
0.3040000000,0.3002932249
0.3050000000,0.3012469217
0.3060000000,0.3022003172
0.3070000000,0.3031534106
0.3080000000,0.3041062008
0.3090000000,0.3050586869
0.3100000000,0.3060108679
0.3110000000,0.3069627429
0.3120000000,0.3079143110
0.3130000000,0.3088655712
0.3140000000,0.3098165224
0.3150000000,0.3107671639
0.3160000000,0.3117174946
0.3170000000,0.3126675136
0.3180000000,0.3136172199
0.3190000000,0.3145666126
0.3200000000,0.3155156907
0.3210000000,0.3164644533
0.3220000000,0.3174128995
0.3230000000,0.3183610282
0.3240000000,0.3193088386
0.3250000000,0.3202563297
0.3260000000,0.3212035005
0.3270000000,0.3221503501
0.3280000000,0.3230968775
0.3290000000,0.3240430819
0.3300000000,0.3249889622
0.3310000000,0.3259345176
0.3320000000,0.3268797469
0.3330000000,0.3278246495
0.3340000000,0.3287692242
0.3350000000,0.3297134701
0.3360000000,0.3306573863
0.3370000000,0.3316009718
0.3380000000,0.3325442258
0.3390000000,0.3334871472
0.3400000000,0.3344297351
0.3410000000,0.3353719886
0.3420000000,0.3363139067
0.3430000000,0.3372554885
0.3440000000,0.3381967331
0.3450000000,0.3391376394
0.3460000000,0.3400782066
0.3470000000,0.3410184337
0.3480000000,0.3419583199
0.3490000000,0.3428978640
0.3500000000,0.3438370653
0.3510000000,0.3447759227
0.3520000000,0.3457144353
0.3530000000,0.3466526023
0.3540000000,0.3475904226
0.3550000000,0.3485278952
0.3560000000,0.3494650194
0.3570000000,0.3504017941
0.3580000000,0.3513382184
0.3590000000,0.3522742913
0.3600000000,0.3532100120
0.3610000000,0.3541453795
0.3620000000,0.3550803928
0.3630000000,0.3560150511
0.3640000000,0.3569493533
0.3650000000,0.3578832986
0.3660000000,0.3588168860
0.3670000000,0.3597501146
0.3680000000,0.3606829834
0.3690000000,0.3616154915
0.3700000000,0.3625476381
0.3710000000,0.3634794221
0.3720000000,0.3644108426
0.3730000000,0.3653418987
0.3740000000,0.3662725894
0.3750000000,0.3672029139
0.3760000000,0.3681328712
0.3770000000,0.3690624603
0.3780000000,0.3699916804
0.3790000000,0.3709205305
0.3800000000,0.3718490097
0.3810000000,0.3727771170
0.3820000000,0.3737048515
0.3830000000,0.3746322124
0.3840000000,0.3755591986
0.3850000000,0.3764858092
0.3860000000,0.3774120434
0.3870000000,0.3783379001
0.3880000000,0.3792633785
0.3890000000,0.3801884777
0.3900000000,0.3811131966
0.3910000000,0.3820375345
0.3920000000,0.3829614903
0.3930000000,0.3838850631
0.3940000000,0.3848082521
0.3950000000,0.3857310563
0.3960000000,0.3866534747
0.3970000000,0.3875755064
0.3980000000,0.3884971506
0.3990000000,0.3894184063
0.4000000000,0.3903392726
0.4010000000,0.3912597486
0.4020000000,0.3921798332
0.4030000000,0.3930995257
0.4040000000,0.3940188251
0.4050000000,0.3949377305
0.4060000000,0.3958562410
0.4070000000,0.3967743555
0.4080000000,0.3976920734
0.4090000000,0.3986093935
0.4100000000,0.3995263150
0.4110000000,0.4004428370
0.4120000000,0.4013589585
0.4130000000,0.4022746787
0.4140000000,0.4031899966
0.4150000000,0.4041049113
0.4160000000,0.4050194219
0.4170000000,0.4059335275
0.4180000000,0.4068472272
0.4190000000,0.4077605200
0.4200000000,0.4086734051
0.4210000000,0.4095858814
0.4220000000,0.4104979482
0.4230000000,0.4114096045
0.4240000000,0.4123208494
0.4250000000,0.4132316820
0.4260000000,0.4141421013
0.4270000000,0.4150521065
0.4280000000,0.4159616966
0.4290000000,0.4168708708
0.4300000000,0.4177796281
0.4310000000,0.4186879677
0.4320000000,0.4195958885
0.4330000000,0.4205033897
0.4340000000,0.4214104705
0.4350000000,0.4223171298
0.4360000000,0.4232233668
0.4370000000,0.4241291806
0.4380000000,0.4250345703
0.4390000000,0.4259395349
0.4400000000,0.4268440736
0.4410000000,0.4277481854
0.4420000000,0.4286518695
0.4430000000,0.4295551250
0.4440000000,0.4304579508
0.4450000000,0.4313603463
0.4460000000,0.4322623103
0.4470000000,0.4331638421
0.4480000000,0.4340649408
0.4490000000,0.4349656054
0.4500000000,0.4358658350
0.4510000000,0.4367656287
0.4520000000,0.4376649857
0.4530000000,0.4385639050
0.4540000000,0.4394623858
0.4550000000,0.4403604271
0.4560000000,0.4412580280
0.4570000000,0.4421551877
0.4580000000,0.4430519052
0.4590000000,0.4439481796
0.4600000000,0.4448440101
0.4610000000,0.4457393958
0.4620000000,0.4466343358
0.4630000000,0.4475288290
0.4640000000,0.4484228748
0.4650000000,0.4493164722
0.4660000000,0.4502096202
0.4670000000,0.4511023180
0.4680000000,0.4519945647
0.4690000000,0.4528863594
0.4700000000,0.4537777013
0.4710000000,0.4546685893
0.4720000000,0.4555590227
0.4730000000,0.4564490006
0.4740000000,0.4573385219
0.4750000000,0.4582275860
0.4760000000,0.4591161918
0.4770000000,0.4600043385
0.4780000000,0.4608920252
0.4790000000,0.4617792510
0.4800000000,0.4626660150
0.4810000000,0.4635523164
0.4820000000,0.4644381542
0.4830000000,0.4653235276
0.4840000000,0.4662084356
0.4850000000,0.4670928774
0.4860000000,0.4679768522
0.4870000000,0.4688603589
0.4880000000,0.4697433969
0.4890000000,0.4706259650
0.4900000000,0.4715080625
0.4910000000,0.4723896886
0.4920000000,0.4732708422
0.4930000000,0.4741515226
0.4940000000,0.4750317288
0.4950000000,0.4759114600
0.4960000000,0.4767907153
0.4970000000,0.4776694937
0.4980000000,0.4785477946
0.4990000000,0.4794256168
0.5000000000,0.4803029597
0.5010000000,0.4811798222
0.5020000000,0.4820562035
0.5030000000,0.4829321028
0.5040000000,0.4838075192
0.5050000000,0.4846824518
0.5060000000,0.4855568997
0.5070000000,0.4864308620
0.5080000000,0.4873043379
0.5090000000,0.4881773265
0.5100000000,0.4890498269
0.5110000000,0.4899218382
0.5120000000,0.4907933597
0.5130000000,0.4916643903
0.5140000000,0.4925349293
0.5150000000,0.4934049757
0.5160000000,0.4942745288
0.5170000000,0.4951435875
0.5180000000,0.4960121511
0.5190000000,0.4968802188
0.5200000000,0.4977477895
0.5210000000,0.4986148625
0.5220000000,0.4994814368
0.5230000000,0.5003475117
0.5240000000,0.5012130863
0.5250000000,0.5020781596
0.5260000000,0.5029427308
0.5270000000,0.5038067991
0.5280000000,0.5046703636
0.5290000000,0.5055334235
0.5300000000,0.5063959777
0.5310000000,0.5072580256
0.5320000000,0.5081195663
0.5330000000,0.5089805988
0.5340000000,0.5098411223
0.5350000000,0.5107011360
0.5360000000,0.5115606390
0.5370000000,0.5124196305
0.5380000000,0.5132781095
0.5390000000,0.5141360752
0.5400000000,0.5149935268
0.5410000000,0.5158504634
0.5420000000,0.5167068842
0.5430000000,0.5175627882
0.5440000000,0.5184181747
0.5450000000,0.5192730428
0.5460000000,0.5201273916
0.5470000000,0.5209812203
0.5480000000,0.5218345279
0.5490000000,0.5226873138
0.5500000000,0.5235395770
0.5510000000,0.5243913166
0.5520000000,0.5252425318
0.5530000000,0.5260932218
0.5540000000,0.5269433857
0.5550000000,0.5277930227
0.5560000000,0.5286421318
0.5570000000,0.5294907124
0.5580000000,0.5303387634
0.5590000000,0.5311862841
0.5600000000,0.5320332736
0.5610000000,0.5328797311
0.5620000000,0.5337256557
0.5630000000,0.5345710465
0.5640000000,0.5354159028
0.5650000000,0.5362602237
0.5660000000,0.5371040083
0.5670000000,0.5379472558
0.5680000000,0.5387899654
0.5690000000,0.5396321362
0.5700000000,0.5404737673
0.5710000000,0.5413148580
0.5720000000,0.5421554074
0.5730000000,0.5429954146
0.5740000000,0.5438348788
0.5750000000,0.5446737991
0.5760000000,0.5455121748
0.5770000000,0.5463500050
0.5780000000,0.5471872889
0.5790000000,0.5480240255
0.5800000000,0.5488602141
0.5810000000,0.5496958539
0.5820000000,0.5505309440
0.5830000000,0.5513654835
0.5840000000,0.5521994717
0.5850000000,0.5530329076
0.5860000000,0.5538657906
0.5870000000,0.5546981197
0.5880000000,0.5555298940
0.5890000000,0.5563611129
0.5900000000,0.5571917754
0.5910000000,0.5580218807
0.5920000000,0.5588514279
0.5930000000,0.5596804164
0.5940000000,0.5605088451
0.5950000000,0.5613367133
0.5960000000,0.5621640202
0.5970000000,0.5629907649
0.5980000000,0.5638169467
0.5990000000,0.5646425646
0.6000000000,0.5654676179
0.6010000000,0.5662921057
0.6020000000,0.5671160272
0.6030000000,0.5679393816
0.6040000000,0.5687621681
0.6050000000,0.5695843858
0.6060000000,0.5704060339
0.6070000000,0.5712271116
0.6080000000,0.5720476181
0.6090000000,0.5728675525
0.6100000000,0.5736869141
0.6110000000,0.5745057020
0.6120000000,0.5753239154
0.6130000000,0.5761415534
0.6140000000,0.5769586153
0.6150000000,0.5777751003
0.6160000000,0.5785910075
0.6170000000,0.5794063361
0.6180000000,0.5802210852
0.6190000000,0.5810352542
0.6200000000,0.5818488421
0.6210000000,0.5826618482
0.6220000000,0.5834742716
0.6230000000,0.5842861115
0.6240000000,0.5850973672
0.6250000000,0.5859080378
0.6260000000,0.5867181224
0.6270000000,0.5875276203
0.6280000000,0.5883365307
0.6290000000,0.5891448528
0.6300000000,0.5899525857
0.6310000000,0.5907597287
0.6320000000,0.5915662809
0.6330000000,0.5923722415
0.6340000000,0.5931776098
0.6350000000,0.5939823849
0.6360000000,0.5947865660
0.6370000000,0.5955901523
0.6380000000,0.5963931431
0.6390000000,0.5971955374
0.6400000000,0.5979973345
0.6410000000,0.5987985337
0.6420000000,0.5995991340
0.6430000000,0.6003991348
0.6440000000,0.6011985351
0.6450000000,0.6019973343
0.6460000000,0.6027955314
0.6470000000,0.6035931258
0.6480000000,0.6043901166
0.6490000000,0.6051865029
0.6500000000,0.6059822841
0.6510000000,0.6067774593
0.6520000000,0.6075720278
0.6530000000,0.6083659886
0.6540000000,0.6091593411
0.6550000000,0.6099520844
0.6560000000,0.6107442178
0.6570000000,0.6115357405
0.6580000000,0.6123266516
0.6590000000,0.6131169503
0.6600000000,0.6139066360
0.6610000000,0.6146957077
0.6620000000,0.6154841648
0.6630000000,0.6162720064
0.6640000000,0.6170592317
0.6650000000,0.6178458399
0.6660000000,0.6186318303
0.6670000000,0.6194172021
0.6680000000,0.6202019544
0.6690000000,0.6209860865
0.6700000000,0.6217695977
0.6710000000,0.6225524871
0.6720000000,0.6233347539
0.6730000000,0.6241163974
0.6740000000,0.6248974168
0.6750000000,0.6256778113
0.6760000000,0.6264575801
0.6770000000,0.6272367224
0.6780000000,0.6280152376
0.6790000000,0.6287931246
0.6800000000,0.6295703830
0.6810000000,0.6303470117
0.6820000000,0.6311230101
0.6830000000,0.6318983773
0.6840000000,0.6326731127
0.6850000000,0.6334472154
0.6860000000,0.6342206846
0.6870000000,0.6349935197
0.6880000000,0.6357657197
0.6890000000,0.6365372840
0.6900000000,0.6373082117
0.6910000000,0.6380785021
0.6920000000,0.6388481545
0.6930000000,0.6396171679
0.6940000000,0.6403855418
0.6950000000,0.6411532753
0.6960000000,0.6419203676
0.6970000000,0.6426868181
0.6980000000,0.6434526258
0.6990000000,0.6442177901
0.7000000000,0.6449823101
0.7010000000,0.6457461852
0.7020000000,0.6465094145
0.7030000000,0.6472719974
0.7040000000,0.6480339329
0.7050000000,0.6487952204
0.7060000000,0.6495558591
0.7070000000,0.6503158483
0.7080000000,0.6510751872
0.7090000000,0.6518338749
0.7100000000,0.6525919109
0.7110000000,0.6533492942
0.7120000000,0.6541060242
0.7130000000,0.6548621001
0.7140000000,0.6556175211
0.7150000000,0.6563722866
0.7160000000,0.6571263956
0.7170000000,0.6578798475
0.7180000000,0.6586326415
0.7190000000,0.6593847769
0.7200000000,0.6601362530
0.7210000000,0.6608870688
0.7220000000,0.6616372238
0.7230000000,0.6623867172
0.7240000000,0.6631355482
0.7250000000,0.6638837160
0.7260000000,0.6646312200
0.7270000000,0.6653780593
0.7280000000,0.6661242332
0.7290000000,0.6668697410
0.7300000000,0.6676145820
0.7310000000,0.6683587553
0.7320000000,0.6691022603
0.7330000000,0.6698450962
0.7340000000,0.6705872622
0.7350000000,0.6713287576
0.7360000000,0.6720695817
0.7370000000,0.6728097338
0.7380000000,0.6735492130
0.7390000000,0.6742880187
0.7400000000,0.6750261501
0.7410000000,0.6757636064
0.7420000000,0.6765003870
0.7430000000,0.6772364912
0.7440000000,0.6779719180
0.7450000000,0.6787066669
0.7460000000,0.6794407371
0.7470000000,0.6801741279
0.7480000000,0.6809068384
0.7490000000,0.6816388681
0.7500000000,0.6823702161
0.7510000000,0.6831008818
0.7520000000,0.6838308643
0.7530000000,0.6845601631
0.7540000000,0.6852887772
0.7550000000,0.6860167061
0.7560000000,0.6867439490
0.7570000000,0.6874705051
0.7580000000,0.6881963737
0.7590000000,0.6889215542
0.7600000000,0.6896460457
0.7610000000,0.6903698476
0.7620000000,0.6910929591
0.7630000000,0.6918153795
0.7640000000,0.6925371081
0.7650000000,0.6932581442
0.7660000000,0.6939784870
0.7670000000,0.6946981358
0.7680000000,0.6954170900
0.7690000000,0.6961353487
0.7700000000,0.6968529113
0.7710000000,0.6975697770
0.7720000000,0.6982859451
0.7730000000,0.6990014150
0.7740000000,0.6997161859
0.7750000000,0.7004302570
0.7760000000,0.7011436278
0.7770000000,0.7018562973
0.7780000000,0.7025682651
0.7790000000,0.7032795302
0.7800000000,0.7039900921
0.7810000000,0.7046999500
0.7820000000,0.7054091032
0.7830000000,0.7061175509
0.7840000000,0.7068252926
0.7850000000,0.7075323274
0.7860000000,0.7082386547
0.7870000000,0.7089442738
0.7880000000,0.7096491839
0.7890000000,0.7103533844
0.7900000000,0.7110568745
0.7910000000,0.7117596536
0.7920000000,0.7124617209
0.7930000000,0.7131630757
0.7940000000,0.7138637174
0.7950000000,0.7145636452
0.7960000000,0.7152628584
0.7970000000,0.7159613564
0.7980000000,0.7166591384
0.7990000000,0.7173562038
0.8000000000,0.7180525518
0.8010000000,0.7187481818
0.8020000000,0.7194430930
0.8030000000,0.7201372847
0.8040000000,0.7208307564
0.8050000000,0.7215235071
0.8060000000,0.7222155364
0.8070000000,0.7229068435
0.8080000000,0.7235974276
0.8090000000,0.7242872882
0.8100000000,0.7249764244
0.8110000000,0.7256648357
0.8120000000,0.7263525214
0.8130000000,0.7270394806
0.8140000000,0.7277257129
0.8150000000,0.7284112174
0.8160000000,0.7290959935
0.8170000000,0.7297800405
0.8180000000,0.7304633577
0.8190000000,0.7311459444
0.8200000000,0.7318278000
0.8210000000,0.7325089238
0.8220000000,0.7331893151
0.8230000000,0.7338689732
0.8240000000,0.7345478974
0.8250000000,0.7352260871
0.8260000000,0.7359035415
0.8270000000,0.7365802600
0.8280000000,0.7372562420
0.8290000000,0.7379314867
0.8300000000,0.7386059935
0.8310000000,0.7392797616
0.8320000000,0.7399527905
0.8330000000,0.7406250794
0.8340000000,0.7412966277
0.8350000000,0.7419674347
0.8360000000,0.7426374998
0.8370000000,0.7433068222
0.8380000000,0.7439754013
0.8390000000,0.7446432364
0.8400000000,0.7453103269
0.8410000000,0.7459766721
0.8420000000,0.7466422712
0.8430000000,0.7473071238
0.8440000000,0.7479712290
0.8450000000,0.7486345863
0.8460000000,0.7492971949
0.8470000000,0.7499590543
0.8480000000,0.7506201637
0.8490000000,0.7512805224
0.8500000000,0.7519401299
0.8510000000,0.7525989854
0.8520000000,0.7532570884
0.8530000000,0.7539144381
0.8540000000,0.7545710338
0.8550000000,0.7552268750
0.8560000000,0.7558819610
0.8570000000,0.7565362911
0.8580000000,0.7571898646
0.8590000000,0.7578426810
0.8600000000,0.7584947395
0.8610000000,0.7591460395
0.8620000000,0.7597965804
0.8630000000,0.7604463615
0.8640000000,0.7610953821
0.8650000000,0.7617436417
0.8660000000,0.7623911395
0.8670000000,0.7630378749
0.8680000000,0.7636838473
0.8690000000,0.7643290559
0.8700000000,0.7649735003
0.8710000000,0.7656171797
0.8720000000,0.7662600934
0.8730000000,0.7669022409
0.8740000000,0.7675436215
0.8750000000,0.7681842346
0.8760000000,0.7688240795
0.8770000000,0.7694631555
0.8780000000,0.7701014621
0.8790000000,0.7707389986
0.8800000000,0.7713757643
0.8810000000,0.7720117587
0.8820000000,0.7726469811
0.8830000000,0.7732814308
0.8840000000,0.7739151072
0.8850000000,0.7745480097
0.8860000000,0.7751801377
0.8870000000,0.7758114905
0.8880000000,0.7764420675
0.8890000000,0.7770718680
0.8900000000,0.7777008915
0.8910000000,0.7783291372
0.8920000000,0.7789566047
0.8930000000,0.7795832931
0.8940000000,0.7802092020
0.8950000000,0.7808343307
0.8960000000,0.7814586786
0.8970000000,0.7820822449
0.8980000000,0.7827050293
0.8990000000,0.7833270309
0.9000000000,0.7839482491
0.9010000000,0.7845686835
0.9020000000,0.7851883332
0.9030000000,0.7858071978
0.9040000000,0.7864252765
0.9050000000,0.7870425689
0.9060000000,0.7876590742
0.9070000000,0.7882747918
0.9080000000,0.7888897212
0.9090000000,0.7895038616
0.9100000000,0.7901172126
0.9110000000,0.7907297735
0.9120000000,0.7913415436
0.9130000000,0.7919525224
0.9140000000,0.7925627092
0.9150000000,0.7931721035
0.9160000000,0.7937807045
0.9170000000,0.7943885119
0.9180000000,0.7949955248
0.9190000000,0.7956017427
0.9200000000,0.7962071650
0.9210000000,0.7968117912
0.9220000000,0.7974156205
0.9230000000,0.7980186524
0.9240000000,0.7986208862
0.9250000000,0.7992223215
0.9260000000,0.7998229575
0.9270000000,0.8004227937
0.9280000000,0.8010218295
0.9290000000,0.8016200643
0.9300000000,0.8022174974
0.9310000000,0.8028141283
0.9320000000,0.8034099564
0.9330000000,0.8040049811
0.9340000000,0.8045992018
0.9350000000,0.8051926179
0.9360000000,0.8057852288
0.9370000000,0.8063770339
0.9380000000,0.8069680327
0.9390000000,0.8075582244
0.9400000000,0.8081476087
0.9410000000,0.8087361847
0.9420000000,0.8093239521
0.9430000000,0.8099109101
0.9440000000,0.8104970582
0.9450000000,0.8110823958
0.9460000000,0.8116669223
0.9470000000,0.8122506371
0.9480000000,0.8128335397
0.9490000000,0.8134156295
0.9500000000,0.8139969058
0.9510000000,0.8145773682
0.9520000000,0.8151570160
0.9530000000,0.8157358486
0.9540000000,0.8163138655
0.9550000000,0.8168910660
0.9560000000,0.8174674497
0.9570000000,0.8180430159
0.9580000000,0.8186177641
0.9590000000,0.8191916936
0.9600000000,0.8197648040
0.9610000000,0.8203370946
0.9620000000,0.8209085648
0.9630000000,0.8214792142
0.9640000000,0.8220490421
0.9650000000,0.8226180479
0.9660000000,0.8231862311
0.9670000000,0.8237535911
0.9680000000,0.8243201274
0.9690000000,0.8248858393
0.9700000000,0.8254507264
0.9710000000,0.8260147880
0.9720000000,0.8265780235
0.9730000000,0.8271404326
0.9740000000,0.8277020144
0.9750000000,0.8282627686
0.9760000000,0.8288226945
0.9770000000,0.8293817916
0.9780000000,0.8299400593
0.9790000000,0.8304974970
0.9800000000,0.8310541043
0.9810000000,0.8316098805
0.9820000000,0.8321648251
0.9830000000,0.8327189376
0.9840000000,0.8332722173
0.9850000000,0.8338246637
0.9860000000,0.8343762763
0.9870000000,0.8349270546
0.9880000000,0.8354769979
0.9890000000,0.8360261057
0.9900000000,0.8365743776
0.9910000000,0.8371218128
0.9920000000,0.8376684109
0.9930000000,0.8382141714
0.9940000000,0.8387590936
0.9950000000,0.8393031771
0.9960000000,0.8398464212
0.9970000000,0.8403888256
0.9980000000,0.8409303895
0.9990000000,0.8414711125
1.0000000000,0.8420109940
1.0010000000,0.8425500336
1.0020000000,0.8430882305
1.0030000000,0.8436255844
1.0040000000,0.8441620947
1.0050000000,0.8446977608
1.0060000000,0.8452325822
1.0070000000,0.8457665584
1.0080000000,0.8462996888
1.0090000000,0.8468319729
1.0100000000,0.8473634101
1.0110000000,0.8478940000
1.0120000000,0.8484237420
1.0130000000,0.8489526356
1.0140000000,0.8494806803
1.0150000000,0.8500078754
1.0160000000,0.8505342206
1.0170000000,0.8510597152
1.0180000000,0.8515843587
1.0190000000,0.8521081507
1.0200000000,0.8526310906
1.0210000000,0.8531531778
1.0220000000,0.8536744119
1.0230000000,0.8541947923
1.0240000000,0.8547143185
1.0250000000,0.8552329900
1.0260000000,0.8557508062
1.0270000000,0.8562677667
1.0280000000,0.8567838710
1.0290000000,0.8572991184
1.0300000000,0.8578135086
1.0310000000,0.8583270409
1.0320000000,0.8588397150
1.0330000000,0.8593515301
1.0340000000,0.8598624860
1.0350000000,0.8603725819
1.0360000000,0.8608818175
1.0370000000,0.8613901922
1.0380000000,0.8618977056
1.0390000000,0.8624043570
1.0400000000,0.8629101460
1.0410000000,0.8634150721
1.0420000000,0.8639191348
1.0430000000,0.8644223336
1.0440000000,0.8649246679
1.0450000000,0.8654261373
1.0460000000,0.8659267413
1.0470000000,0.8664264794
1.0480000000,0.8669253511
1.0490000000,0.8674233558
1.0500000000,0.8679204931
1.0510000000,0.8684167625
1.0520000000,0.8689121634
1.0530000000,0.8694066955
1.0540000000,0.8699003581
1.0550000000,0.8703931509
1.0560000000,0.8708850732
1.0570000000,0.8713761247
1.0580000000,0.8718663048
1.0590000000,0.8723556130
1.0600000000,0.8728440488
1.0610000000,0.8733316119
1.0620000000,0.8738183016
1.0630000000,0.8743041174
1.0640000000,0.8747890590
1.0650000000,0.8752731258
1.0660000000,0.8757563173
1.0670000000,0.8762386330
1.0680000000,0.8767200725
1.0690000000,0.8772006353
1.0700000000,0.8776803209
1.0710000000,0.8781591288
1.0720000000,0.8786370586
1.0730000000,0.8791141097
1.0740000000,0.8795902817
1.0750000000,0.8800655741
1.0760000000,0.8805399864
1.0770000000,0.8810135182
1.0780000000,0.8814861690
1.0790000000,0.8819579383
1.0800000000,0.8824288257
1.0810000000,0.8828988306
1.0820000000,0.8833679526
1.0830000000,0.8838361913
1.0840000000,0.8843035461
1.0850000000,0.8847700166
1.0860000000,0.8852356023
1.0870000000,0.8857003028
1.0880000000,0.8861641176
1.0890000000,0.8866270463
1.0900000000,0.8870890883
1.0910000000,0.8875502432
1.0920000000,0.8880105106
1.0930000000,0.8884698900
1.0940000000,0.8889283808
1.0950000000,0.8893859828
1.0960000000,0.8898426954
1.0970000000,0.8902985181
1.0980000000,0.8907534506
1.0990000000,0.8912074923
1.1000000000,0.8916606427
1.1010000000,0.8921129015
1.1020000000,0.8925642682
1.1030000000,0.8930147424
1.1040000000,0.8934643235
1.1050000000,0.8939130112
1.1060000000,0.8943608049
1.1070000000,0.8948077043
1.1080000000,0.8952537089
1.1090000000,0.8956988182
1.1100000000,0.8961430318
1.1110000000,0.8965863493
1.1120000000,0.8970287702
1.1130000000,0.8974702941
1.1140000000,0.8979109205
1.1150000000,0.8983506490
1.1160000000,0.8987894791
1.1170000000,0.8992274104
1.1180000000,0.8996644426
1.1190000000,0.9001005750
1.1200000000,0.9005358074
1.1210000000,0.9009701392
1.1220000000,0.9014035700
1.1230000000,0.9018360995
1.1240000000,0.9022677271
1.1250000000,0.9026984524
1.1260000000,0.9031282751
1.1270000000,0.9035571946
1.1280000000,0.9039852105
1.1290000000,0.9044123225
1.1300000000,0.9048385301
1.1310000000,0.9052638328
1.1320000000,0.9056882303
1.1330000000,0.9061117220
1.1340000000,0.9065343077
1.1350000000,0.9069559868
1.1360000000,0.9073767590
1.1370000000,0.9077966238
1.1380000000,0.9082155808
1.1390000000,0.9086336295
1.1400000000,0.9090507697
1.1410000000,0.9094670008
1.1420000000,0.9098823224
1.1430000000,0.9102967341
1.1440000000,0.9107102356
1.1450000000,0.9111228263
1.1460000000,0.9115345059
1.1470000000,0.9119452740
1.1480000000,0.9123551302
1.1490000000,0.9127640739
1.1500000000,0.9131721049
1.1510000000,0.9135792228
1.1520000000,0.9139854271
1.1530000000,0.9143907173
1.1540000000,0.9147950932
1.1550000000,0.9151985543
1.1560000000,0.9156011002
1.1570000000,0.9160027305
1.1580000000,0.9164034448
1.1590000000,0.9168032427
1.1600000000,0.9172021238
1.1610000000,0.9176000876
1.1620000000,0.9179971339
1.1630000000,0.9183932622
1.1640000000,0.9187884721
1.1650000000,0.9191827632
1.1660000000,0.9195761351
1.1670000000,0.9199685875
1.1680000000,0.9203601198
1.1690000000,0.9207507318
1.1700000000,0.9211404231
1.1710000000,0.9215291932
1.1720000000,0.9219170418
1.1730000000,0.9223039685
1.1740000000,0.9226899729
1.1750000000,0.9230750546
1.1760000000,0.9234592132
1.1770000000,0.9238424483
1.1780000000,0.9242247596
1.1790000000,0.9246061467
1.1800000000,0.9249866092
1.1810000000,0.9253661467
1.1820000000,0.9257447588
1.1830000000,0.9261224452
1.1840000000,0.9264992054
1.1850000000,0.9268750392
1.1860000000,0.9272499461
1.1870000000,0.9276239257
1.1880000000,0.9279969777
1.1890000000,0.9283691017
1.1900000000,0.9287402974
1.1910000000,0.9291105643
1.1920000000,0.9294799021
1.1930000000,0.9298483104
1.1940000000,0.9302157888
1.1950000000,0.9305823371
1.1960000000,0.9309479547
1.1970000000,0.9313126415
1.1980000000,0.9316763969
1.1990000000,0.9320392206
1.2000000000,0.9324011123
1.2010000000,0.9327620716
1.2020000000,0.9331220981
1.2030000000,0.9334811915
1.2040000000,0.9338393514
1.2050000000,0.9341965775
1.2060000000,0.9345528694
1.2070000000,0.9349082267
1.2080000000,0.9352626491
1.2090000000,0.9356161363
1.2100000000,0.9359686878
1.2110000000,0.9363203034
1.2120000000,0.9366709827
1.2130000000,0.9370207253
1.2140000000,0.9373695308
1.2150000000,0.9377173990
1.2160000000,0.9380643295
1.2170000000,0.9384103219
1.2180000000,0.9387553759
1.2190000000,0.9390994912
1.2200000000,0.9394426673
1.2210000000,0.9397849040
1.2220000000,0.9401262010
1.2230000000,0.9404665577
1.2240000000,0.9408059741
1.2250000000,0.9411444496
1.2260000000,0.9414819840
1.2270000000,0.9418185769
1.2280000000,0.9421542279
1.2290000000,0.9424889369
1.2300000000,0.9428227033
1.2310000000,0.9431555269
1.2320000000,0.9434874074
1.2330000000,0.9438183443
1.2340000000,0.9441483375
1.2350000000,0.9444773865
1.2360000000,0.9448054910
1.2370000000,0.9451326507
1.2380000000,0.9454588653
1.2390000000,0.9457841345
1.2400000000,0.9461084578
1.2410000000,0.9464318350
1.2420000000,0.9467542658
1.2430000000,0.9470757499
1.2440000000,0.9473962869
1.2450000000,0.9477158764
1.2460000000,0.9480345183
1.2470000000,0.9483522121
1.2480000000,0.9486689576
1.2490000000,0.9489847544
1.2500000000,0.9492996022
1.2510000000,0.9496135007
1.2520000000,0.9499264497
1.2530000000,0.9502384486
1.2540000000,0.9505494974
1.2550000000,0.9508595956
1.2560000000,0.9511687429
1.2570000000,0.9514769391
1.2580000000,0.9517841838
1.2590000000,0.9520904767
1.2600000000,0.9523958175
1.2610000000,0.9527002059
1.2620000000,0.9530036416
1.2630000000,0.9533061243
1.2640000000,0.9536076537
1.2650000000,0.9539082295
1.2660000000,0.9542078514
1.2670000000,0.9545065191
1.2680000000,0.9548042323
1.2690000000,0.9551009907
1.2700000000,0.9553967939
1.2710000000,0.9556916418
1.2720000000,0.9559855340
1.2730000000,0.9562784702
1.2740000000,0.9565704501
1.2750000000,0.9568614734
1.2760000000,0.9571515399
1.2770000000,0.9574406493
1.2780000000,0.9577288012
1.2790000000,0.9580159953
1.2800000000,0.9583022315
1.2810000000,0.9585875093
1.2820000000,0.9588718286
1.2830000000,0.9591551890
1.2840000000,0.9594375902
1.2850000000,0.9597190320
1.2860000000,0.9599995141
1.2870000000,0.9602790362
1.2880000000,0.9605575980
1.2890000000,0.9608351992
1.2900000000,0.9611118396
1.2910000000,0.9613875189
1.2920000000,0.9616622368
1.2930000000,0.9619359931
1.2940000000,0.9622087874
1.2950000000,0.9624806195
1.2960000000,0.9627514891
1.2970000000,0.9630213959
1.2980000000,0.9632903398
1.2990000000,0.9635583204
1.3000000000,0.9638253373
1.3010000000,0.9640913905
1.3020000000,0.9643564796
1.3030000000,0.9646206043
1.3040000000,0.9648837644
1.3050000000,0.9651459596
1.3060000000,0.9654071897
1.3070000000,0.9656674544
1.3080000000,0.9659267534
1.3090000000,0.9661850865
1.3100000000,0.9664424533
1.3110000000,0.9666988538
1.3120000000,0.9669542875
1.3130000000,0.9672087543
1.3140000000,0.9674622539
1.3150000000,0.9677147860
1.3160000000,0.9679663504
1.3170000000,0.9682169469
1.3180000000,0.9684665751
1.3190000000,0.9687152349
1.3200000000,0.9689629259
1.3210000000,0.9692096480
1.3220000000,0.9694554008
1.3230000000,0.9697001843
1.3240000000,0.9699439980
1.3250000000,0.9701868417
1.3260000000,0.9704287153
1.3270000000,0.9706696185
1.3280000000,0.9709095510
1.3290000000,0.9711485125
1.3300000000,0.9713865030
1.3310000000,0.9716235220
1.3320000000,0.9718595694
1.3330000000,0.9720946450
1.3340000000,0.9723287484
1.3350000000,0.9725618796
1.3360000000,0.9727940381
1.3370000000,0.9730252239
1.3380000000,0.9732554367
1.3390000000,0.9734846762
1.3400000000,0.9737129422
1.3410000000,0.9739402345
1.3420000000,0.9741665528
1.3430000000,0.9743918970
1.3440000000,0.9746162668
1.3450000000,0.9748396620
1.3460000000,0.9750620823
1.3470000000,0.9752835276
1.3480000000,0.9755039976
1.3490000000,0.9757234921
1.3500000000,0.9759420109
1.3510000000,0.9761595537
1.3520000000,0.9763761204
1.3530000000,0.9765917107
1.3540000000,0.9768063244
1.3550000000,0.9770199613
1.3560000000,0.9772326211
1.3570000000,0.9774443038
1.3580000000,0.9776550090
1.3590000000,0.9778647365
1.3600000000,0.9780734862
1.3610000000,0.9782812578
1.3620000000,0.9784880511
1.3630000000,0.9786938660
1.3640000000,0.9788987021
1.3650000000,0.9791025594
1.3660000000,0.9793054375
1.3670000000,0.9795073363
1.3680000000,0.9797082557
1.3690000000,0.9799081953
1.3700000000,0.9801071550
1.3710000000,0.9803051346
1.3720000000,0.9805021339
1.3730000000,0.9806981527
1.3740000000,0.9808931908
1.3750000000,0.9810872480
1.3760000000,0.9812803241
1.3770000000,0.9814724189
1.3780000000,0.9816635323
1.3790000000,0.9818536640
1.3800000000,0.9820428139
1.3810000000,0.9822309817
1.3820000000,0.9824181672
1.3830000000,0.9826043704
1.3840000000,0.9827895909
1.3850000000,0.9829738287
1.3860000000,0.9831570835
1.3870000000,0.9833393551
1.3880000000,0.9835206434
1.3890000000,0.9837009482
1.3900000000,0.9838802693
1.3910000000,0.9840586064
1.3920000000,0.9842359596
1.3930000000,0.9844123285
1.3940000000,0.9845877130
1.3950000000,0.9847621129
1.3960000000,0.9849355280
1.3970000000,0.9851079582
1.3980000000,0.9852794033
1.3990000000,0.9854498631
1.4000000000,0.9856193374
1.4010000000,0.9857878262
1.4020000000,0.9859553291
1.4030000000,0.9861218461
1.4040000000,0.9862873770
1.4050000000,0.9864519216
1.4060000000,0.9866154797
1.4070000000,0.9867780513
1.4080000000,0.9869396360
1.4090000000,0.9871002338
1.4100000000,0.9872598445
1.4110000000,0.9874184680
1.4120000000,0.9875761040
1.4130000000,0.9877327524
1.4140000000,0.9878884131
1.4150000000,0.9880430860
1.4160000000,0.9881967708
1.4170000000,0.9883494673
1.4180000000,0.9885011756
1.4190000000,0.9886518953
1.4200000000,0.9888016264
1.4210000000,0.9889503687
1.4220000000,0.9890981220
1.4230000000,0.9892448863
1.4240000000,0.9893906613
1.4250000000,0.9895354468
1.4260000000,0.9896792429
1.4270000000,0.9898220493
1.4280000000,0.9899638659
1.4290000000,0.9901046925
1.4300000000,0.9902445290
1.4310000000,0.9903833752
1.4320000000,0.9905212311
1.4330000000,0.9906580964
1.4340000000,0.9907939711
1.4350000000,0.9909288550
1.4360000000,0.9910627480
1.4370000000,0.9911956499
1.4380000000,0.9913275606
1.4390000000,0.9914584799
1.4400000000,0.9915884079
1.4410000000,0.9917173442
1.4420000000,0.9918452888
1.4430000000,0.9919722416
1.4440000000,0.9920982024
1.4450000000,0.9922231711
1.4460000000,0.9923471476
1.4470000000,0.9924701317
1.4480000000,0.9925921233
1.4490000000,0.9927131224
1.4500000000,0.9928331288
1.4510000000,0.9929521423
1.4520000000,0.9930701628
1.4530000000,0.9931871903
1.4540000000,0.9933032247
1.4550000000,0.9934182657
1.4560000000,0.9935323133
1.4570000000,0.9936453673
1.4580000000,0.9937574277
1.4590000000,0.9938684944
1.4600000000,0.9939785672
1.4610000000,0.9940876460
1.4620000000,0.9941957307
1.4630000000,0.9943028212
1.4640000000,0.9944089174
1.4650000000,0.9945140192
1.4660000000,0.9946181265
1.4670000000,0.9947212392
1.4680000000,0.9948233572
1.4690000000,0.9949244803
1.4700000000,0.9950246085
1.4710000000,0.9951237417
1.4720000000,0.9952218798
1.4730000000,0.9953190226
1.4740000000,0.9954151701
1.4750000000,0.9955103222
1.4760000000,0.9956044788
1.4770000000,0.9956976398
1.4780000000,0.9957898051
1.4790000000,0.9958809746
1.4800000000,0.9959711482
1.4810000000,0.9960603259
1.4820000000,0.9961485075
1.4830000000,0.9962356929
1.4840000000,0.9963218821
1.4850000000,0.9964070750
1.4860000000,0.9964912715
1.4870000000,0.9965744715
1.4880000000,0.9966566749
1.4890000000,0.9967378816
1.4900000000,0.9968180917
1.4910000000,0.9968973049
1.4920000000,0.9969755212
1.4930000000,0.9970527405
1.4940000000,0.9971289628
1.4950000000,0.9972041879
1.4960000000,0.9972784159
1.4970000000,0.9973516465
1.4980000000,0.9974238798
1.4990000000,0.9974951157
1.5000000000,0.9975653541
1.5010000000,0.9976345949
1.5020000000,0.9977028381
1.5030000000,0.9977700836
1.5040000000,0.9978363313
1.5050000000,0.9979015812
1.5060000000,0.9979658332
1.5070000000,0.9980290872
1.5080000000,0.9980913432
1.5090000000,0.9981526011
1.5100000000,0.9982128608
1.5110000000,0.9982721224
1.5120000000,0.9983303856
1.5130000000,0.9983876505
1.5140000000,0.9984439171
1.5150000000,0.9984991852
1.5160000000,0.9985534548
1.5170000000,0.9986067258
1.5180000000,0.9986589983
1.5190000000,0.9987102720
1.5200000000,0.9987605471
1.5210000000,0.9988098234
1.5220000000,0.9988581009
1.5230000000,0.9989053795
1.5240000000,0.9989516593
1.5250000000,0.9989969401
1.5260000000,0.9990412218
1.5270000000,0.9990845046
1.5280000000,0.9991267882
1.5290000000,0.9991680728
1.5300000000,0.9992083581
1.5310000000,0.9992476443
1.5320000000,0.9992859312
1.5330000000,0.9993232188
1.5340000000,0.9993595071
1.5350000000,0.9993947961
1.5360000000,0.9994290856
1.5370000000,0.9994623757
1.5380000000,0.9994946664
1.5390000000,0.9995259575
1.5400000000,0.9995562492
1.5410000000,0.9995855412
1.5420000000,0.9996138337
1.5430000000,0.9996411266
1.5440000000,0.9996674198
1.5450000000,0.9996927134
1.5460000000,0.9997170073
1.5470000000,0.9997403014
1.5480000000,0.9997625959
1.5490000000,0.9997838905
1.5500000000,0.9998041854
1.5510000000,0.9998234804
1.5520000000,0.9998417757
1.5530000000,0.9998590711
1.5540000000,0.9998753666
1.5550000000,0.9998906623
1.5560000000,0.9999049581
1.5570000000,0.9999182539
1.5580000000,0.9999305499
1.5590000000,0.9999418459
1.5600000000,0.9999521420
1.5610000000,0.9999614381
1.5620000000,0.9999697343
1.5630000000,0.9999770305
1.5640000000,0.9999833267
1.5650000000,0.9999886230
1.5660000000,0.9999929192
1.5670000000,0.9999962155
1.5680000000,0.9999985117
1.5690000000,0.9999998080
1.5700000000,1.0000001042
1.5710000000,0.9999994005
1.5720000000,0.9999976968
1.5730000000,0.9999949930
1.5740000000,0.9999912893
1.5750000000,0.9999865856
1.5760000000,0.9999808819
1.5770000000,0.9999741782
1.5780000000,0.9999664745
1.5790000000,0.9999577709
1.5800000000,0.9999480673
1.5810000000,0.9999373638
1.5820000000,0.9999256603
1.5830000000,0.9999129569
1.5840000000,0.9998992536
1.5850000000,0.9998845504
1.5860000000,0.9998688473
1.5870000000,0.9998521443
1.5880000000,0.9998344415
1.5890000000,0.9998157388
1.5900000000,0.9997960364
1.5910000000,0.9997753341
1.5920000000,0.9997536321
1.5930000000,0.9997309303
1.5940000000,0.9997072288
1.5950000000,0.9996825275
1.5960000000,0.9996568266
1.5970000000,0.9996301260
1.5980000000,0.9996024258
1.5990000000,0.9995737260
1.6000000000,0.9995440267
1.6010000000,0.9995133277
1.6020000000,0.9994816293
1.6030000000,0.9994489314
1.6040000000,0.9994152340
1.6050000000,0.9993805373
1.6060000000,0.9993448411
1.6070000000,0.9993081456
1.6080000000,0.9992704508
1.6090000000,0.9992317567
1.6100000000,0.9991920634
1.6110000000,0.9991513709
1.6120000000,0.9991096792
1.6130000000,0.9990669884
1.6140000000,0.9990232986
1.6150000000,0.9989786098
1.6160000000,0.9989329219
1.6170000000,0.9988862351
1.6180000000,0.9988385495
1.6190000000,0.9987898650
1.6200000000,0.9987401817
1.6210000000,0.9986894997
1.6220000000,0.9986378190
1.6230000000,0.9985851396
1.6240000000,0.9985314617
1.6250000000,0.9984767852
1.6260000000,0.9984211103
1.6270000000,0.9983644369
1.6280000000,0.9983067652
1.6290000000,0.9982480951
1.6300000000,0.9981884269
1.6310000000,0.9981277604
1.6320000000,0.9980660958
1.6330000000,0.9980034331
1.6340000000,0.9979397724
1.6350000000,0.9978751138
1.6360000000,0.9978094573
1.6370000000,0.9977428030
1.6380000000,0.9976751510
1.6390000000,0.9976065013
1.6400000000,0.9975368540
1.6410000000,0.9974662091
1.6420000000,0.9973945668
1.6430000000,0.9973219271
1.6440000000,0.9972482900
1.6450000000,0.9971736557
1.6460000000,0.9970980243
1.6470000000,0.9970213957
1.6480000000,0.9969437701
1.6490000000,0.9968651476
1.6500000000,0.9967855282
1.6510000000,0.9967049121
1.6520000000,0.9966232992
1.6530000000,0.9965406897
1.6540000000,0.9964570836
1.6550000000,0.9963724811
1.6560000000,0.9962868823
1.6570000000,0.9962002871
1.6580000000,0.9961126957
1.6590000000,0.9960241083
1.6600000000,0.9959345248
1.6610000000,0.9958439453
1.6620000000,0.9957523701
1.6630000000,0.9956597990
1.6640000000,0.9955662323
1.6650000000,0.9954716701
1.6660000000,0.9953761124
1.6670000000,0.9952795593
1.6680000000,0.9951820109
1.6690000000,0.9950834673
1.6700000000,0.9949839287
1.6710000000,0.9948833950
1.6720000000,0.9947818665
1.6730000000,0.9946793432
1.6740000000,0.9945758252
1.6750000000,0.9944713127
1.6760000000,0.9943658057
1.6770000000,0.9942593043
1.6780000000,0.9941518086
1.6790000000,0.9940433188
1.6800000000,0.9939338350
1.6810000000,0.9938233572
1.6820000000,0.9937118856
1.6830000000,0.9935994203
1.6840000000,0.9934859614
1.6850000000,0.9933715090
1.6860000000,0.9932560632
1.6870000000,0.9931396242
1.6880000000,0.9930221920
1.6890000000,0.9929037668
1.6900000000,0.9927843487
1.6910000000,0.9926639379
1.6920000000,0.9925425343
1.6930000000,0.9924201382
1.6940000000,0.9922967497
1.6950000000,0.9921723689
1.6960000000,0.9920469960
1.6970000000,0.9919206310
1.6980000000,0.9917932740
1.6990000000,0.9916649253
1.7000000000,0.9915355849
1.7010000000,0.9914052530
1.7020000000,0.9912739296
1.7030000000,0.9911416150
1.7040000000,0.9910083093
1.7050000000,0.9908740125
1.7060000000,0.9907387249
1.7070000000,0.9906024465
1.7080000000,0.9904651775
1.7090000000,0.9903269181
1.7100000000,0.9901876683
1.7110000000,0.9900474283
1.7120000000,0.9899061983
1.7130000000,0.9897639784
1.7140000000,0.9896207687
1.7150000000,0.9894765695
1.7160000000,0.9893313807
1.7170000000,0.9891852026
1.7180000000,0.9890380353
1.7190000000,0.9888898790
1.7200000000,0.9887407337
1.7210000000,0.9885905998
1.7220000000,0.9884394772
1.7230000000,0.9882873663
1.7240000000,0.9881342670
1.7250000000,0.9879801796
1.7260000000,0.9878251042
1.7270000000,0.9876690410
1.7280000000,0.9875119901
1.7290000000,0.9873539517
1.7300000000,0.9871949259
1.7310000000,0.9870349130
1.7320000000,0.9868739130
1.7330000000,0.9867119262
1.7340000000,0.9865489526
1.7350000000,0.9863849925
1.7360000000,0.9862200460
1.7370000000,0.9860541133
1.7380000000,0.9858871945
1.7390000000,0.9857192898
1.7400000000,0.9855503995
1.7410000000,0.9853805235
1.7420000000,0.9852096622
1.7430000000,0.9850378157
1.7440000000,0.9848649841
1.7450000000,0.9846911677
1.7460000000,0.9845163666
1.7470000000,0.9843405810
1.7480000000,0.9841638110
1.7490000000,0.9839860569
1.7500000000,0.9838073188
1.7510000000,0.9836275968
1.7520000000,0.9834468913
1.7530000000,0.9832652023
1.7540000000,0.9830825300
1.7550000000,0.9828988747
1.7560000000,0.9827142364
1.7570000000,0.9825286154
1.7580000000,0.9823420119
1.7590000000,0.9821544261
1.7600000000,0.9819658581
1.7610000000,0.9817763082
1.7620000000,0.9815857764
1.7630000000,0.9813942631
1.7640000000,0.9812017684
1.7650000000,0.9810082925
1.7660000000,0.9808138356
1.7670000000,0.9806183978
1.7680000000,0.9804219795
1.7690000000,0.9802245807
1.7700000000,0.9800262017
1.7710000000,0.9798268427
1.7720000000,0.9796265038
1.7730000000,0.9794251854
1.7740000000,0.9792228875
1.7750000000,0.9790196103
1.7760000000,0.9788153542
1.7770000000,0.9786101192
1.7780000000,0.9784039057
1.7790000000,0.9781967137
1.7800000000,0.9779885435
1.7810000000,0.9777793953
1.7820000000,0.9775692694
1.7830000000,0.9773581659
1.7840000000,0.9771460850
1.7850000000,0.9769330270
1.7860000000,0.9767189921
1.7870000000,0.9765039804
1.7880000000,0.9762879922
1.7890000000,0.9760710278
1.7900000000,0.9758530872
1.7910000000,0.9756341709
1.7920000000,0.9754142788
1.7930000000,0.9751934114
1.7940000000,0.9749715688
1.7950000000,0.9747487512
1.7960000000,0.9745249589
1.7970000000,0.9743001920
1.7980000000,0.9740744508
1.7990000000,0.9738477356
1.8000000000,0.9736200465
1.8010000000,0.9733913838
1.8020000000,0.9731617477
1.8030000000,0.9729311384
1.8040000000,0.9726995562
1.8050000000,0.9724670013
1.8060000000,0.9722334739
1.8070000000,0.9719989743
1.8080000000,0.9717635028
1.8090000000,0.9715270594
1.8100000000,0.9712896445
1.8110000000,0.9710512583
1.8120000000,0.9708119011
1.8130000000,0.9705715731
1.8140000000,0.9703302745
1.8150000000,0.9700880055
1.8160000000,0.9698447665
1.8170000000,0.9696005576
1.8180000000,0.9693553791
1.8190000000,0.9691092313
1.8200000000,0.9688621144
1.8210000000,0.9686140286
1.8220000000,0.9683649742
1.8230000000,0.9681149514
1.8240000000,0.9678639605
1.8250000000,0.9676120017
1.8260000000,0.9673590754
1.8270000000,0.9671051816
1.8280000000,0.9668503208
1.8290000000,0.9665944931
1.8300000000,0.9663376988
1.8310000000,0.9660799382
1.8320000000,0.9658212115
1.8330000000,0.9655615190
1.8340000000,0.9653008609
1.8350000000,0.9650392375
1.8360000000,0.9647766491
1.8370000000,0.9645130959
1.8380000000,0.9642485782
1.8390000000,0.9639830963
1.8400000000,0.9637166503
1.8410000000,0.9634492407
1.8420000000,0.9631808676
1.8430000000,0.9629115313
1.8440000000,0.9626412321
1.8450000000,0.9623699702
1.8460000000,0.9620977460
1.8470000000,0.9618245597
1.8480000000,0.9615504116
1.8490000000,0.9612753019
1.8500000000,0.9609992309
1.8510000000,0.9607221990
1.8520000000,0.9604442063
1.8530000000,0.9601652532
1.8540000000,0.9598853399
1.8550000000,0.9596044667
1.8560000000,0.9593226339
1.8570000000,0.9590398418
1.8580000000,0.9587560907
1.8590000000,0.9584713808
1.8600000000,0.9581857124
1.8610000000,0.9578990859
1.8620000000,0.9576115014
1.8630000000,0.9573229593
1.8640000000,0.9570334600
1.8650000000,0.9567430035
1.8660000000,0.9564515904
1.8670000000,0.9561592208
1.8680000000,0.9558658950
1.8690000000,0.9555716133
1.8700000000,0.9552763761
1.8710000000,0.9549801836
1.8720000000,0.9546830362
1.8730000000,0.9543849340
1.8740000000,0.9540858775
1.8750000000,0.9537858668
1.8760000000,0.9534849024
1.8770000000,0.9531829845
1.8780000000,0.9528801135
1.8790000000,0.9525762895
1.8800000000,0.9522715130
1.8810000000,0.9519657842
1.8820000000,0.9516591034
1.8830000000,0.9513514710
1.8840000000,0.9510428872
1.8850000000,0.9507333524
1.8860000000,0.9504228668
1.8870000000,0.9501114308
1.8880000000,0.9497990447
1.8890000000,0.9494857088
1.8900000000,0.9491714235
1.8910000000,0.9488561889
1.8920000000,0.9485400055
1.8930000000,0.9482228736
1.8940000000,0.9479047934
1.8950000000,0.9475857653
1.8960000000,0.9472657897
1.8970000000,0.9469448667
1.8980000000,0.9466229969
1.8990000000,0.9463001804
1.9000000000,0.9459764176
1.9010000000,0.9456517088
1.9020000000,0.9453260544
1.9030000000,0.9449994547
1.9040000000,0.9446719099
1.9050000000,0.9443434205
1.9060000000,0.9440139867
1.9070000000,0.9436836090
1.9080000000,0.9433522875
1.9090000000,0.9430200227
1.9100000000,0.9426868149
1.9110000000,0.9423526643
1.9120000000,0.9420175715
1.9130000000,0.9416815366
1.9140000000,0.9413445600
1.9150000000,0.9410066421
1.9160000000,0.9406677832
1.9170000000,0.9403279836
1.9180000000,0.9399872437
1.9190000000,0.9396455638
1.9200000000,0.9393029442
1.9210000000,0.9389593854
1.9220000000,0.9386148876
1.9230000000,0.9382694511
1.9240000000,0.9379230764
1.9250000000,0.9375757638
1.9260000000,0.9372275136
1.9270000000,0.9368783262
1.9280000000,0.9365282019
1.9290000000,0.9361771411
1.9300000000,0.9358251441
1.9310000000,0.9354722112
1.9320000000,0.9351183429
1.9330000000,0.9347635395
1.9340000000,0.9344078013
1.9350000000,0.9340511287
1.9360000000,0.9336935221
1.9370000000,0.9333349817
1.9380000000,0.9329755081
1.9390000000,0.9326151014
1.9400000000,0.9322537622
1.9410000000,0.9318914906
1.9420000000,0.9315282872
1.9430000000,0.9311641523
1.9440000000,0.9307990862
1.9450000000,0.9304330893
1.9460000000,0.9300661620
1.9470000000,0.9296983046
1.9480000000,0.9293295175
1.9490000000,0.9289598010
1.9500000000,0.9285891557
1.9510000000,0.9282175817
1.9520000000,0.9278450795
1.9530000000,0.9274716495
1.9540000000,0.9270972919
1.9550000000,0.9267220073
1.9560000000,0.9263457960
1.9570000000,0.9259686583
1.9580000000,0.9255905947
1.9590000000,0.9252116055
1.9600000000,0.9248316910
1.9610000000,0.9244508517
1.9620000000,0.9240690880
1.9630000000,0.9236864002
1.9640000000,0.9233027887
1.9650000000,0.9229182539
1.9660000000,0.9225327962
1.9670000000,0.9221464160
1.9680000000,0.9217591136
1.9690000000,0.9213708895
1.9700000000,0.9209817439
1.9710000000,0.9205916774
1.9720000000,0.9202006904
1.9730000000,0.9198087831
1.9740000000,0.9194159560
1.9750000000,0.9190222095
1.9760000000,0.9186275439
1.9770000000,0.9182319598
1.9780000000,0.9178354574
1.9790000000,0.9174380371
1.9800000000,0.9170396995
1.9810000000,0.9166404448
1.9820000000,0.9162402734
1.9830000000,0.9158391858
1.9840000000,0.9154371824
1.9850000000,0.9150342635
1.9860000000,0.9146304296
1.9870000000,0.9142256811
1.9880000000,0.9138200183
1.9890000000,0.9134134418
1.9900000000,0.9130059518
1.9910000000,0.9125975488
1.9920000000,0.9121882332
1.9930000000,0.9117780054
1.9940000000,0.9113668659
1.9950000000,0.9109548149
1.9960000000,0.9105418530
1.9970000000,0.9101279806
1.9980000000,0.9097131981
1.9990000000,0.9092975058
2.0000000000,0.9088809042
2.0010000000,0.9084633938
2.0020000000,0.9080449749
2.0030000000,0.9076256480
2.0040000000,0.9072054134
2.0050000000,0.9067842716
2.0060000000,0.9063622230
2.0070000000,0.9059392681
2.0080000000,0.9055154072
2.0090000000,0.9050906408
2.0100000000,0.9046649694
2.0110000000,0.9042383932
2.0120000000,0.9038109129
2.0130000000,0.9033825287
2.0140000000,0.9029532411
2.0150000000,0.9025230506
2.0160000000,0.9020919575
2.0170000000,0.9016599624
2.0180000000,0.9012270656
2.0190000000,0.9007932676
2.0200000000,0.9003585688
2.0210000000,0.8999229696
2.0220000000,0.8994864705
2.0230000000,0.8990490719
2.0240000000,0.8986107743
2.0250000000,0.8981715780
2.0260000000,0.8977314836
2.0270000000,0.8972904914
2.0280000000,0.8968486020
2.0290000000,0.8964058157
2.0300000000,0.8959621330
2.0310000000,0.8955175544
2.0320000000,0.8950720802
2.0330000000,0.8946257109
2.0340000000,0.8941784471
2.0350000000,0.8937302890
2.0360000000,0.8932812372
2.0370000000,0.8928312922
2.0380000000,0.8923804543
2.0390000000,0.8919287240
2.0400000000,0.8914761018
2.0410000000,0.8910225881
2.0420000000,0.8905681834
2.0430000000,0.8901128882
2.0440000000,0.8896567028
2.0450000000,0.8891996277
2.0460000000,0.8887416635
2.0470000000,0.8882828105
2.0480000000,0.8878230693
2.0490000000,0.8873624402
2.0500000000,0.8869009237
2.0510000000,0.8864385204
2.0520000000,0.8859752306
2.0530000000,0.8855110548
2.0540000000,0.8850459935
2.0550000000,0.8845800472
2.0560000000,0.8841132163
2.0570000000,0.8836455013
2.0580000000,0.8831769027
2.0590000000,0.8827074208
2.0600000000,0.8822370563
2.0610000000,0.8817658095
2.0620000000,0.8812936809
2.0630000000,0.8808206711
2.0640000000,0.8803467804
2.0650000000,0.8798720094
2.0660000000,0.8793963586
2.0670000000,0.8789198283
2.0680000000,0.8784424191
2.0690000000,0.8779641315
2.0700000000,0.8774849659
2.0710000000,0.8770049228
2.0720000000,0.8765240027
2.0730000000,0.8760422061
2.0740000000,0.8755595334
2.0750000000,0.8750759852
2.0760000000,0.8745915619
2.0770000000,0.8741062640
2.0780000000,0.8736200920
2.0790000000,0.8731330464
2.0800000000,0.8726451277
2.0810000000,0.8721563363
2.0820000000,0.8716666727
2.0830000000,0.8711761375
2.0840000000,0.8706847311
2.0850000000,0.8701924540
2.0860000000,0.8696993068
2.0870000000,0.8692052898
2.0880000000,0.8687104036
2.0890000000,0.8682146488
2.0900000000,0.8677180257
2.0910000000,0.8672205349
2.0920000000,0.8667221768
2.0930000000,0.8662229521
2.0940000000,0.8657228611
2.0950000000,0.8652219044
2.0960000000,0.8647200825
2.0970000000,0.8642173958
2.0980000000,0.8637138450
2.0990000000,0.8632094304
2.1000000000,0.8627041526
2.1010000000,0.8621980121
2.1020000000,0.8616910094
2.1030000000,0.8611831450
2.1040000000,0.8606744195
2.1050000000,0.8601648332
2.1060000000,0.8596543868
2.1070000000,0.8591430808
2.1080000000,0.8586309156
2.1090000000,0.8581178918
2.1100000000,0.8576040098
2.1110000000,0.8570892703
2.1120000000,0.8565736736
2.1130000000,0.8560572204
2.1140000000,0.8555399111
2.1150000000,0.8550217463
2.1160000000,0.8545027265
2.1170000000,0.8539828522
2.1180000000,0.8534621238
2.1190000000,0.8529405421
2.1200000000,0.8524181073
2.1210000000,0.8518948202
2.1220000000,0.8513706812
2.1230000000,0.8508456908
2.1240000000,0.8503198495
2.1250000000,0.8497931579
2.1260000000,0.8492656166
2.1270000000,0.8487372260
2.1280000000,0.8482079866
2.1290000000,0.8476778990
2.1300000000,0.8471469638
2.1310000000,0.8466151814
2.1320000000,0.8460825523
2.1330000000,0.8455490772
2.1340000000,0.8450147566
2.1350000000,0.8444795909
2.1360000000,0.8439435808
2.1370000000,0.8434067267
2.1380000000,0.8428690292
2.1390000000,0.8423304889
2.1400000000,0.8417911062
2.1410000000,0.8412508817
2.1420000000,0.8407098160
2.1430000000,0.8401679095
2.1440000000,0.8396251629
2.1450000000,0.8390815767
2.1460000000,0.8385371514
2.1470000000,0.8379918875
2.1480000000,0.8374457857
2.1490000000,0.8368988464
2.1500000000,0.8363510702
2.1510000000,0.8358024576
2.1520000000,0.8352530093
2.1530000000,0.8347027257
2.1540000000,0.8341516074
2.1550000000,0.8335996550
2.1560000000,0.8330468689
2.1570000000,0.8324932498
2.1580000000,0.8319387982
2.1590000000,0.8313835147
2.1600000000,0.8308273998
2.1610000000,0.8302704540
2.1620000000,0.8297126780
2.1630000000,0.8291540723
2.1640000000,0.8285946374
2.1650000000,0.8280343740
2.1660000000,0.8274732824
2.1670000000,0.8269113635
2.1680000000,0.8263486176
2.1690000000,0.8257850453
2.1700000000,0.8252206473
2.1710000000,0.8246554241
2.1720000000,0.8240893762
2.1730000000,0.8235225042
2.1740000000,0.8229548087
2.1750000000,0.8223862902
2.1760000000,0.8218169493
2.1770000000,0.8212467867
2.1780000000,0.8206758028
2.1790000000,0.8201039982
2.1800000000,0.8195313735
2.1810000000,0.8189579292
2.1820000000,0.8183836660
2.1830000000,0.8178085845
2.1840000000,0.8172326851
2.1850000000,0.8166559685
2.1860000000,0.8160784352
2.1870000000,0.8155000859
2.1880000000,0.8149209210
2.1890000000,0.8143409413
2.1900000000,0.8137601472
2.1910000000,0.8131785393
2.1920000000,0.8125961182
2.1930000000,0.8120128846
2.1940000000,0.8114288389
2.1950000000,0.8108439819
2.1960000000,0.8102583139
2.1970000000,0.8096718357
2.1980000000,0.8090845479
2.1990000000,0.8084964509
2.2000000000,0.8079075455
2.2010000000,0.8073178321
2.2020000000,0.8067273115
2.2030000000,0.8061359841
2.2040000000,0.8055438506
2.2050000000,0.8049509115
2.2060000000,0.8043571675
2.2070000000,0.8037626191
2.2080000000,0.8031672669
2.2090000000,0.8025711116
2.2100000000,0.8019741538
2.2110000000,0.8013763939
2.2120000000,0.8007778327
2.2130000000,0.8001784707
2.2140000000,0.7995783085
2.2150000000,0.7989773467
2.2160000000,0.7983755860
2.2170000000,0.7977730268
2.2180000000,0.7971696699
2.2190000000,0.7965655159
2.2200000000,0.7959605653
2.2210000000,0.7953548187
2.2220000000,0.7947482767
2.2230000000,0.7941409400
2.2240000000,0.7935328092
2.2250000000,0.7929238848
2.2260000000,0.7923141676
2.2270000000,0.7917036579
2.2280000000,0.7910923566
2.2290000000,0.7904802642
2.2300000000,0.7898673814
2.2310000000,0.7892537086
2.2320000000,0.7886392466
2.2330000000,0.7880239960
2.2340000000,0.7874079573
2.2350000000,0.7867911312
2.2360000000,0.7861735184
2.2370000000,0.7855551193
2.2380000000,0.7849359348
2.2390000000,0.7843159652
2.2400000000,0.7836952114
2.2410000000,0.7830736738
2.2420000000,0.7824513532
2.2430000000,0.7818282502
2.2440000000,0.7812043653
2.2450000000,0.7805796992
2.2460000000,0.7799542525
2.2470000000,0.7793280259
2.2480000000,0.7787010199
2.2490000000,0.7780732353
2.2500000000,0.7774446725
2.2510000000,0.7768153323
2.2520000000,0.7761852154
2.2530000000,0.7755543222
2.2540000000,0.7749226534
2.2550000000,0.7742902098
2.2560000000,0.7736569918
2.2570000000,0.7730230002
2.2580000000,0.7723882356
2.2590000000,0.7717526986
2.2600000000,0.7711163898
2.2610000000,0.7704793100
2.2620000000,0.7698414596
2.2630000000,0.7692028394
2.2640000000,0.7685634500
2.2650000000,0.7679232920
2.2660000000,0.7672823661
2.2670000000,0.7666406730
2.2680000000,0.7659982131
2.2690000000,0.7653549873
2.2700000000,0.7647109962
2.2710000000,0.7640662403
2.2720000000,0.7634207203
2.2730000000,0.7627744370
2.2740000000,0.7621273908
2.2750000000,0.7614795826
2.2760000000,0.7608310128
2.2770000000,0.7601816822
2.2780000000,0.7595315915
2.2790000000,0.7588807412
2.2800000000,0.7582291320
2.2810000000,0.7575767646
2.2820000000,0.7569236396
2.2830000000,0.7562697577
2.2840000000,0.7556151195
2.2850000000,0.7549597258
2.2860000000,0.7543035770
2.2870000000,0.7536466740
2.2880000000,0.7529890173
2.2890000000,0.7523306076
2.2900000000,0.7516714456
2.2910000000,0.7510115319
2.2920000000,0.7503508672
2.2930000000,0.7496894521
2.2940000000,0.7490272874
2.2950000000,0.7483643736
2.2960000000,0.7477007115
2.2970000000,0.7470363016
2.2980000000,0.7463711448
2.2990000000,0.7457052415
2.3000000000,0.7450385926
2.3010000000,0.7443711986
2.3020000000,0.7437030603
2.3030000000,0.7430341782
2.3040000000,0.7423645531
2.3050000000,0.7416941856
2.3060000000,0.7410230765
2.3070000000,0.7403512263
2.3080000000,0.7396786358
2.3090000000,0.7390053056
2.3100000000,0.7383312364
2.3110000000,0.7376564288
2.3120000000,0.7369808836
2.3130000000,0.7363046015
2.3140000000,0.7356275830
2.3150000000,0.7349498289
2.3160000000,0.7342713398
2.3170000000,0.7335921165
2.3180000000,0.7329121596
2.3190000000,0.7322314697
2.3200000000,0.7315500477
2.3210000000,0.7308678940
2.3220000000,0.7301850096
2.3230000000,0.7295013949
2.3240000000,0.7288170507
2.3250000000,0.7281319777
2.3260000000,0.7274461766
2.3270000000,0.7267596480
2.3280000000,0.7260723927
2.3290000000,0.7253844113
2.3300000000,0.7246957045
2.3310000000,0.7240062731
2.3320000000,0.7233161176
2.3330000000,0.7226252388
2.3340000000,0.7219336373
2.3350000000,0.7212413140
2.3360000000,0.7205482694
2.3370000000,0.7198545042
2.3380000000,0.7191600192
2.3390000000,0.7184648151
2.3400000000,0.7177688924
2.3410000000,0.7170722520
2.3420000000,0.7163748946
2.3430000000,0.7156768207
2.3440000000,0.7149780312
2.3450000000,0.7142785267
2.3460000000,0.7135783079
2.3470000000,0.7128773756
2.3480000000,0.7121757303
2.3490000000,0.7114733729
2.3500000000,0.7107703040
2.3510000000,0.7100665244
2.3520000000,0.7093620347
2.3530000000,0.7086568356
2.3540000000,0.7079509278
2.3550000000,0.7072443122
2.3560000000,0.7065369892
2.3570000000,0.7058289597
2.3580000000,0.7051202244
2.3590000000,0.7044107840
2.3600000000,0.7037006392
2.3610000000,0.7029897907
2.3620000000,0.7022782391
2.3630000000,0.7015659853
2.3640000000,0.7008530300
2.3650000000,0.7001393738
2.3660000000,0.6994250174
2.3670000000,0.6987099616
2.3680000000,0.6979942071
2.3690000000,0.6972777546
2.3700000000,0.6965606049
2.3710000000,0.6958427585
2.3720000000,0.6951242164
2.3730000000,0.6944049791
2.3740000000,0.6936850474
2.3750000000,0.6929644220
2.3760000000,0.6922431037
2.3770000000,0.6915210931
2.3780000000,0.6907983910
2.3790000000,0.6900749980
2.3800000000,0.6893509151
2.3810000000,0.6886261427
2.3820000000,0.6879006818
2.3830000000,0.6871745329
2.3840000000,0.6864476969
2.3850000000,0.6857201744
2.3860000000,0.6849919662
2.3870000000,0.6842630730
2.3880000000,0.6835334955
2.3890000000,0.6828032345
2.3900000000,0.6820722907
2.3910000000,0.6813406649
2.3920000000,0.6806083577
2.3930000000,0.6798753698
2.3940000000,0.6791417021
2.3950000000,0.6784073553
2.3960000000,0.6776723301
2.3970000000,0.6769366271
2.3980000000,0.6762002473
2.3990000000,0.6754631912
2.4000000000,0.6747254597
2.4010000000,0.6739870535
2.4020000000,0.6732479733
2.4030000000,0.6725082198
2.4040000000,0.6717677938
2.4050000000,0.6710266961
2.4060000000,0.6702849273
2.4070000000,0.6695424882
2.4080000000,0.6687993796
2.4090000000,0.6680556022
2.4100000000,0.6673111567
2.4110000000,0.6665660440
2.4120000000,0.6658202646
2.4130000000,0.6650738195
2.4140000000,0.6643267092
2.4150000000,0.6635789347
2.4160000000,0.6628304965
2.4170000000,0.6620813956
2.4180000000,0.6613316325
2.4190000000,0.6605812082
2.4200000000,0.6598301232
2.4210000000,0.6590783784
2.4220000000,0.6583259745
2.4230000000,0.6575729123
2.4240000000,0.6568191926
2.4250000000,0.6560648160
2.4260000000,0.6553097833
2.4270000000,0.6545540954
2.4280000000,0.6537977528
2.4290000000,0.6530407565
2.4300000000,0.6522831072
2.4310000000,0.6515248055
2.4320000000,0.6507658524
2.4330000000,0.6500062484
2.4340000000,0.6492459945
2.4350000000,0.6484850913
2.4360000000,0.6477235397
2.4370000000,0.6469613403
2.4380000000,0.6461984939
2.4390000000,0.6454350014
2.4400000000,0.6446708634
2.4410000000,0.6439060807
2.4420000000,0.6431406542
2.4430000000,0.6423745845
2.4440000000,0.6416078724
2.4450000000,0.6408405187
2.4460000000,0.6400725242
2.4470000000,0.6393038896
2.4480000000,0.6385346157
2.4490000000,0.6377647032
2.4500000000,0.6369941530
2.4510000000,0.6362229658
2.4520000000,0.6354511424
2.4530000000,0.6346786835
2.4540000000,0.6339055900
2.4550000000,0.6331318625
2.4560000000,0.6323575020
2.4570000000,0.6315825090
2.4580000000,0.6308068845
2.4590000000,0.6300306292
2.4600000000,0.6292537438
2.4610000000,0.6284762292
2.4620000000,0.6276980861
2.4630000000,0.6269193153
2.4640000000,0.6261399176
2.4650000000,0.6253598937
2.4660000000,0.6245792445
2.4670000000,0.6237979707
2.4680000000,0.6230160731
2.4690000000,0.6222335525
2.4700000000,0.6214504097
2.4710000000,0.6206666454
2.4720000000,0.6198822605
2.4730000000,0.6190972556
2.4740000000,0.6183116317
2.4750000000,0.6175253894
2.4760000000,0.6167385297
2.4770000000,0.6159510532
2.4780000000,0.6151629607
2.4790000000,0.6143742531
2.4800000000,0.6135849311
2.4810000000,0.6127949955
2.4820000000,0.6120044471
2.4830000000,0.6112132867
2.4840000000,0.6104215151
2.4850000000,0.6096291331
2.4860000000,0.6088361415
2.4870000000,0.6080425410
2.4880000000,0.6072483325
2.4890000000,0.6064535167
2.4900000000,0.6056580945
2.4910000000,0.6048620666
2.4920000000,0.6040654338
2.4930000000,0.6032681970
2.4940000000,0.6024703569
2.4950000000,0.6016719144
2.4960000000,0.6008728702
2.4970000000,0.6000732251
2.4980000000,0.5992729799
2.4990000000,0.5984721355
2.5000000000,0.5976706925
2.5010000000,0.5968686520
2.5020000000,0.5960660145
2.5030000000,0.5952627810
2.5040000000,0.5944589522
2.5050000000,0.5936545290
2.5060000000,0.5928495121
2.5070000000,0.5920439023
2.5080000000,0.5912377005
2.5090000000,0.5904309075
2.5100000000,0.5896235241
2.5110000000,0.5888155510
2.5120000000,0.5880069891
2.5130000000,0.5871978392
2.5140000000,0.5863881021
2.5150000000,0.5855777786
2.5160000000,0.5847668695
2.5170000000,0.5839553757
2.5180000000,0.5831432979
2.5190000000,0.5823306370
2.5200000000,0.5815173937
2.5210000000,0.5807035689
2.5220000000,0.5798891634
2.5230000000,0.5790741781
2.5240000000,0.5782586136
2.5250000000,0.5774424709
2.5260000000,0.5766257507
2.5270000000,0.5758084540
2.5280000000,0.5749905814
2.5290000000,0.5741721338
2.5300000000,0.5733531121
2.5310000000,0.5725335170
2.5320000000,0.5717133493
2.5330000000,0.5708926100
2.5340000000,0.5700712998
2.5350000000,0.5692494194
2.5360000000,0.5684269699
2.5370000000,0.5676039519
2.5380000000,0.5667803663
2.5390000000,0.5659562139
2.5400000000,0.5651314956
2.5410000000,0.5643062122
2.5420000000,0.5634803644
2.5430000000,0.5626539531
2.5440000000,0.5618269792
2.5450000000,0.5609994435
2.5460000000,0.5601713468
2.5470000000,0.5593426899
2.5480000000,0.5585134737
2.5490000000,0.5576836989
2.5500000000,0.5568533665
2.5510000000,0.5560224772
2.5520000000,0.5551910319
2.5530000000,0.5543590314
2.5540000000,0.5535264765
2.5550000000,0.5526933681
2.5560000000,0.5518597070
2.5570000000,0.5510254941
2.5580000000,0.5501907301
2.5590000000,0.5493554160
2.5600000000,0.5485195525
2.5610000000,0.5476831404
2.5620000000,0.5468461807
2.5630000000,0.5460086741
2.5640000000,0.5451706216
2.5650000000,0.5443320238
2.5660000000,0.5434928818
2.5670000000,0.5426531962
2.5680000000,0.5418129680
2.5690000000,0.5409721979
2.5700000000,0.5401308869
2.5710000000,0.5392890358
2.5720000000,0.5384466454
2.5730000000,0.5376037165
2.5740000000,0.5367602500
2.5750000000,0.5359162468
2.5760000000,0.5350717076
2.5770000000,0.5342266334
2.5780000000,0.5333810250
2.5790000000,0.5325348831
2.5800000000,0.5316882088
2.5810000000,0.5308410027
2.5820000000,0.5299932658
2.5830000000,0.5291449989
2.5840000000,0.5282962029
2.5850000000,0.5274468786
2.5860000000,0.5265970268
2.5870000000,0.5257466484
2.5880000000,0.5248957443
2.5890000000,0.5240443153
2.5900000000,0.5231923622
2.5910000000,0.5223398860
2.5920000000,0.5214868874
2.5930000000,0.5206333673
2.5940000000,0.5197793266
2.5950000000,0.5189247661
2.5960000000,0.5180696867
2.5970000000,0.5172140892
2.5980000000,0.5163579745
2.5990000000,0.5155013434
2.6000000000,0.5146441969
2.6010000000,0.5137865357
2.6020000000,0.5129283607
2.6030000000,0.5120696728
2.6040000000,0.5112104728
2.6050000000,0.5103507616
2.6060000000,0.5094905400
2.6070000000,0.5086298090
2.6080000000,0.5077685693
2.6090000000,0.5069068219
2.6100000000,0.5060445675
2.6110000000,0.5051818071
2.6120000000,0.5043185416
2.6130000000,0.5034547717
2.6140000000,0.5025904983
2.6150000000,0.5017257224
2.6160000000,0.5008604447
2.6170000000,0.4999946662
2.6180000000,0.4991283877
2.6190000000,0.4982616100
2.6200000000,0.4973943341
2.6210000000,0.4965265608
2.6220000000,0.4956582910
2.6230000000,0.4947895255
2.6240000000,0.4939202652
2.6250000000,0.4930505111
2.6260000000,0.4921802638
2.6270000000,0.4913095244
2.6280000000,0.4904382936
2.6290000000,0.4895665725
2.6300000000,0.4886943617
2.6310000000,0.4878216623
2.6320000000,0.4869484750
2.6330000000,0.4860748008
2.6340000000,0.4852006406
2.6350000000,0.4843259951
2.6360000000,0.4834508653
2.6370000000,0.4825752520
2.6380000000,0.4816991562
2.6390000000,0.4808225786
2.6400000000,0.4799455203
2.6410000000,0.4790679820
2.6420000000,0.4781899646
2.6430000000,0.4773114691
2.6440000000,0.4764324962
2.6450000000,0.4755530469
2.6460000000,0.4746731220
2.6470000000,0.4737927225
2.6480000000,0.4729118492
2.6490000000,0.4720305030
2.6500000000,0.4711486847
2.6510000000,0.4702663953
2.6520000000,0.4693836356
2.6530000000,0.4685004065
2.6540000000,0.4676167090
2.6550000000,0.4667325438
2.6560000000,0.4658479119
2.6570000000,0.4649628141
2.6580000000,0.4640772514
2.6590000000,0.4631912246
2.6600000000,0.4623047346
2.6610000000,0.4614177823
2.6620000000,0.4605303686
2.6630000000,0.4596424944
2.6640000000,0.4587541605
2.6650000000,0.4578653678
2.6660000000,0.4569761173
2.6670000000,0.4560864098
2.6680000000,0.4551962463
2.6690000000,0.4543056275
2.6700000000,0.4534145544
2.6710000000,0.4525230280
2.6720000000,0.4516310489
2.6730000000,0.4507386183
2.6740000000,0.4498457369
2.6750000000,0.4489524057
2.6760000000,0.4480586255
2.6770000000,0.4471643973
2.6780000000,0.4462697219
2.6790000000,0.4453746002
2.6800000000,0.4444790332
2.6810000000,0.4435830217
2.6820000000,0.4426865666
2.6830000000,0.4417896688
2.6840000000,0.4408923292
2.6850000000,0.4399945487
2.6860000000,0.4390963282
2.6870000000,0.4381976687
2.6880000000,0.4372985709
2.6890000000,0.4363990359
2.6900000000,0.4354990644
2.6910000000,0.4345986574
2.6920000000,0.4336978159
2.6930000000,0.4327965406
2.6940000000,0.4318948326
2.6950000000,0.4309926926
2.6960000000,0.4300901217
2.6970000000,0.4291871207
2.6980000000,0.4282836904
2.6990000000,0.4273798319
2.7000000000,0.4264755461
2.7010000000,0.4255708337
2.7020000000,0.4246656958
2.7030000000,0.4237601332
2.7040000000,0.4228541468
2.7050000000,0.4219477376
2.7060000000,0.4210409065
2.7070000000,0.4201336543
2.7080000000,0.4192259820
2.7090000000,0.4183178904
2.7100000000,0.4174093805
2.7110000000,0.4165004532
2.7120000000,0.4155911095
2.7130000000,0.4146813501
2.7140000000,0.4137711760
2.7150000000,0.4128605882
2.7160000000,0.4119495875
2.7170000000,0.4110381749
2.7180000000,0.4101263512
2.7190000000,0.4092141174
2.7200000000,0.4083014744
2.7210000000,0.4073884231
2.7220000000,0.4064749644
2.7230000000,0.4055610992
2.7240000000,0.4046468285
2.7250000000,0.4037321531
2.7260000000,0.4028170740
2.7270000000,0.4019015920
2.7280000000,0.4009857082
2.7290000000,0.4000694234
2.7300000000,0.3991527385
2.7310000000,0.3982356544
2.7320000000,0.3973181721
2.7330000000,0.3964002925
2.7340000000,0.3954820165
2.7350000000,0.3945633450
2.7360000000,0.3936442790
2.7370000000,0.3927248193
2.7380000000,0.3918049669
2.7390000000,0.3908847227
2.7400000000,0.3899640876
2.7410000000,0.3890430625
2.7420000000,0.3881216484
2.7430000000,0.3871998462
2.7440000000,0.3862776567
2.7450000000,0.3853550810
2.7460000000,0.3844321199
2.7470000000,0.3835087744
2.7480000000,0.3825850454
2.7490000000,0.3816609339
2.7500000000,0.3807364406
2.7510000000,0.3798115666
2.7520000000,0.3788863128
2.7530000000,0.3779606801
2.7540000000,0.3770346695
2.7550000000,0.3761082818
2.7560000000,0.3751815180
2.7570000000,0.3742543790
2.7580000000,0.3733268658
2.7590000000,0.3723989792
2.7600000000,0.3714707203
2.7610000000,0.3705420899
2.7620000000,0.3696130889
2.7630000000,0.3686837183
2.7640000000,0.3677539791
2.7650000000,0.3668238720
2.7660000000,0.3658933982
2.7670000000,0.3649625585
2.7680000000,0.3640313538
2.7690000000,0.3630997851
2.7700000000,0.3621678532
2.7710000000,0.3612355592
2.7720000000,0.3603029040
2.7730000000,0.3593698885
2.7740000000,0.3584365136
2.7750000000,0.3575027802
2.7760000000,0.3565686894
2.7770000000,0.3556342420
2.7780000000,0.3546994389
2.7790000000,0.3537642812
2.7800000000,0.3528287697
2.7810000000,0.3518929053
2.7820000000,0.3509566891
2.7830000000,0.3500201219
2.7840000000,0.3490832047
2.7850000000,0.3481459384
2.7860000000,0.3472083240
2.7870000000,0.3462703623
2.7880000000,0.3453320544
2.7890000000,0.3443934012
2.7900000000,0.3434544035
2.7910000000,0.3425150624
2.7920000000,0.3415753788
2.7930000000,0.3406353536
2.7940000000,0.3396949878
2.7950000000,0.3387542823
2.7960000000,0.3378132380
2.7970000000,0.3368718559
2.7980000000,0.3359301370
2.7990000000,0.3349880821
2.8000000000,0.3340456922
2.8010000000,0.3331029683
2.8020000000,0.3321599113
2.8030000000,0.3312165221
2.8040000000,0.3302728017
2.8050000000,0.3293287510
2.8060000000,0.3283843710
2.8070000000,0.3274396626
2.8080000000,0.3264946268
2.8090000000,0.3255492645
2.8100000000,0.3246035766
2.8110000000,0.3236575642
2.8120000000,0.3227112280
2.8130000000,0.3217645692
2.8140000000,0.3208175886
2.8150000000,0.3198702872
2.8160000000,0.3189226659
2.8170000000,0.3179747257
2.8180000000,0.3170264675
2.8190000000,0.3160778923
2.8200000000,0.3151290010
2.8210000000,0.3141797945
2.8220000000,0.3132302739
2.8230000000,0.3122804401
2.8240000000,0.3113302940
2.8250000000,0.3103798365
2.8260000000,0.3094290687
2.8270000000,0.3084779915
2.8280000000,0.3075266057
2.8290000000,0.3065749125
2.8300000000,0.3056229126
2.8310000000,0.3046706072
2.8320000000,0.3037179971
2.8330000000,0.3027650832
2.8340000000,0.3018118666
2.8350000000,0.3008583482
2.8360000000,0.2999045289
2.8370000000,0.2989504097
2.8380000000,0.2979959916
2.8390000000,0.2970412754
2.8400000000,0.2960862623
2.8410000000,0.2951309530
2.8420000000,0.2941753486
2.8430000000,0.2932194501
2.8440000000,0.2922632583
2.8450000000,0.2913067742
2.8460000000,0.2903499989
2.8470000000,0.2893929332
2.8480000000,0.2884355781
2.8490000000,0.2874779345
2.8500000000,0.2865200035
2.8510000000,0.2855617860
2.8520000000,0.2846032829
2.8530000000,0.2836444952
2.8540000000,0.2826854239
2.8550000000,0.2817260698
2.8560000000,0.2807664341
2.8570000000,0.2798065176
2.8580000000,0.2788463213
2.8590000000,0.2778858461
2.8600000000,0.2769250930
2.8610000000,0.2759640630
2.8620000000,0.2750027571
2.8630000000,0.2740411761
2.8640000000,0.2730793212
2.8650000000,0.2721171931
2.8660000000,0.2711547929
2.8670000000,0.2701921216
2.8680000000,0.2692291800
2.8690000000,0.2682659693
2.8700000000,0.2673024902
2.8710000000,0.2663387439
2.8720000000,0.2653747312
2.8730000000,0.2644104532
2.8740000000,0.2634459107
2.8750000000,0.2624811048
2.8760000000,0.2615160365
2.8770000000,0.2605507066
2.8780000000,0.2595851161
2.8790000000,0.2586192661
2.8800000000,0.2576531574
2.8810000000,0.2566867911
2.8820000000,0.2557201681
2.8830000000,0.2547532894
2.8840000000,0.2537861559
2.8850000000,0.2528187687
2.8860000000,0.2518511286
2.8870000000,0.2508832367
2.8880000000,0.2499150939
2.8890000000,0.2489467012
2.8900000000,0.2479780595
2.8910000000,0.2470091699
2.8920000000,0.2460400332
2.8930000000,0.2450706505
2.8940000000,0.2441010227
2.8950000000,0.2431311509
2.8960000000,0.2421610359
2.8970000000,0.2411906787
2.8980000000,0.2402200804
2.8990000000,0.2392492418
2.9000000000,0.2382781640
2.9010000000,0.2373068479
2.9020000000,0.2363352945
2.9030000000,0.2353635047
2.9040000000,0.2343914796
2.9050000000,0.2334192201
2.9060000000,0.2324467272
2.9070000000,0.2314740019
2.9080000000,0.2305010450
2.9090000000,0.2295278577
2.9100000000,0.2285544408
2.9110000000,0.2275807954
2.9120000000,0.2266069224
2.9130000000,0.2256328228
2.9140000000,0.2246584976
2.9150000000,0.2236839477
2.9160000000,0.2227091741
2.9170000000,0.2217341778
2.9180000000,0.2207589598
2.9190000000,0.2197835210
2.9200000000,0.2188078624
2.9210000000,0.2178319851
2.9220000000,0.2168558899
2.9230000000,0.2158795778
2.9240000000,0.2149030499
2.9250000000,0.2139263070
2.9260000000,0.2129493502
2.9270000000,0.2119721805
2.9280000000,0.2109947988
2.9290000000,0.2100172061
2.9300000000,0.2090394034
2.9310000000,0.2080613917
2.9320000000,0.2070831719
2.9330000000,0.2061047450
2.9340000000,0.2051261120
2.9350000000,0.2041472739
2.9360000000,0.2031682316
2.9370000000,0.2021889862
2.9380000000,0.2012095386
2.9390000000,0.2002298897
2.9400000000,0.1992500407
2.9410000000,0.1982699924
2.9420000000,0.1972897458
2.9430000000,0.1963093019
2.9440000000,0.1953286617
2.9450000000,0.1943478262
2.9460000000,0.1933667963
2.9470000000,0.1923855731
2.9480000000,0.1914041575
2.9490000000,0.1904225505
2.9500000000,0.1894407531
2.9510000000,0.1884587662
2.9520000000,0.1874765908
2.9530000000,0.1864942280
2.9540000000,0.1855116787
2.9550000000,0.1845289439
2.9560000000,0.1835460246
2.9570000000,0.1825629217
2.9580000000,0.1815796362
2.9590000000,0.1805961692
2.9600000000,0.1796125215
2.9610000000,0.1786286943
2.9620000000,0.1776446884
2.9630000000,0.1766605049
2.9640000000,0.1756761447
2.9650000000,0.1746916089
2.9660000000,0.1737068983
2.9670000000,0.1727220141
2.9680000000,0.1717369571
2.9690000000,0.1707517284
2.9700000000,0.1697663289
2.9710000000,0.1687807597
2.9720000000,0.1677950217
2.9730000000,0.1668091158
2.9740000000,0.1658230432
2.9750000000,0.1648368048
2.9760000000,0.1638504015
2.9770000000,0.1628638344
2.9780000000,0.1618771044
2.9790000000,0.1608902125
2.9800000000,0.1599031598
2.9810000000,0.1589159471
2.9820000000,0.1579285755
2.9830000000,0.1569410460
2.9840000000,0.1559533596
2.9850000000,0.1549655172
2.9860000000,0.1539775198
2.9870000000,0.1529893685
2.9880000000,0.1520010641
2.9890000000,0.1510126078
2.9900000000,0.1500240005
2.9910000000,0.1490352431
2.9920000000,0.1480463367
2.9930000000,0.1470572822
2.9940000000,0.1460680807
2.9950000000,0.1450787332
2.9960000000,0.1440892405
2.9970000000,0.1430996037
2.9980000000,0.1421098239
2.9990000000,0.1411199020
3.0000000000,0.1401298389
3.0010000000,0.1391396357
3.0020000000,0.1381492933
3.0030000000,0.1371588128
3.0040000000,0.1361681952
3.0050000000,0.1351774414
3.0060000000,0.1341865524
3.0070000000,0.1331955292
3.0080000000,0.1322043728
3.0090000000,0.1312130842
3.0100000000,0.1302216644
3.0110000000,0.1292301144
3.0120000000,0.1282384352
3.0130000000,0.1272466277
3.0140000000,0.1262546929
3.0150000000,0.1252626319
3.0160000000,0.1242704457
3.0170000000,0.1232781352
3.0180000000,0.1222857014
3.0190000000,0.1212931453
3.0200000000,0.1203004679
3.0210000000,0.1193076702
3.0220000000,0.1183147532
3.0230000000,0.1173217179
3.0240000000,0.1163285653
3.0250000000,0.1153352964
3.0260000000,0.1143419121
3.0270000000,0.1133484135
3.0280000000,0.1123548015
3.0290000000,0.1113610771
3.0300000000,0.1103672414
3.0310000000,0.1093732954
3.0320000000,0.1083792400
3.0330000000,0.1073850761
3.0340000000,0.1063908049
3.0350000000,0.1053964274
3.0360000000,0.1044019444
3.0370000000,0.1034073570
3.0380000000,0.1024126662
3.0390000000,0.1014178730
3.0400000000,0.1004229784
3.0410000000,0.0994279833
3.0420000000,0.0984328888
3.0430000000,0.0974376959
3.0440000000,0.0964424056
3.0450000000,0.0954470188
3.0460000000,0.0944515366
3.0470000000,0.0934559599
3.0480000000,0.0924602897
3.0490000000,0.0914645271
3.0500000000,0.0904686730
3.0510000000,0.0894727285
3.0520000000,0.0884766945
3.0530000000,0.0874805720
3.0540000000,0.0864843620
3.0550000000,0.0854880656
3.0560000000,0.0844916837
3.0570000000,0.0834952172
3.0580000000,0.0824986673
3.0590000000,0.0815020349
3.0600000000,0.0805053209
3.0610000000,0.0795085265
3.0620000000,0.0785116526
3.0630000000,0.0775147001
3.0640000000,0.0765176702
3.0650000000,0.0755205637
3.0660000000,0.0745233817
3.0670000000,0.0735261251
3.0680000000,0.0725287951
3.0690000000,0.0715313925
3.0700000000,0.0705339184
3.0710000000,0.0695363737
3.0720000000,0.0685387595
3.0730000000,0.0675410768
3.0740000000,0.0665433266
3.0750000000,0.0655455097
3.0760000000,0.0645476274
3.0770000000,0.0635496805
3.0780000000,0.0625516700
3.0790000000,0.0615535970
3.0800000000,0.0605554625
3.0810000000,0.0595572674
3.0820000000,0.0585590127
3.0830000000,0.0575606995
3.0840000000,0.0565623287
3.0850000000,0.0555639013
3.0860000000,0.0545654184
3.0870000000,0.0535668809
3.0880000000,0.0525682899
3.0890000000,0.0515696463
3.0900000000,0.0505709511
3.0910000000,0.0495722053
3.0920000000,0.0485734100
3.0930000000,0.0475745661
3.0940000000,0.0465756746
3.0950000000,0.0455767366
3.0960000000,0.0445777529
3.0970000000,0.0435787247
3.0980000000,0.0425796529
3.0990000000,0.0415805386
3.1000000000,0.0405813826
3.1010000000,0.0395821861
3.1020000000,0.0385829500
3.1030000000,0.0375836753
3.1040000000,0.0365843630
3.1050000000,0.0355850142
3.1060000000,0.0345856297
3.1070000000,0.0335862107
3.1080000000,0.0325867581
3.1090000000,0.0315872729
3.1100000000,0.0305877561
3.1110000000,0.0295882087
3.1120000000,0.0285886317
3.1130000000,0.0275890262
3.1140000000,0.0265893930
3.1150000000,0.0255897333
3.1160000000,0.0245900480
3.1170000000,0.0235903381
3.1180000000,0.0225906046
3.1190000000,0.0215908485
3.1200000000,0.0205910708
3.1210000000,0.0195912725
3.1220000000,0.0185914546
3.1230000000,0.0175916182
3.1240000000,0.0165917641
3.1250000000,0.0155918935
3.1260000000,0.0145920072
3.1270000000,0.0135921064
3.1280000000,0.0125921920
3.1290000000,0.0115922650
3.1300000000,0.0105923264
3.1310000000,0.0095923772
3.1320000000,0.0085924184
3.1330000000,0.0075924510
3.1340000000,0.0065924760
3.1350000000,0.0055924945
3.1360000000,0.0045925073
3.1370000000,0.0035925156
3.1380000000,0.0025925202
3.1390000000,0.0015925223
3.1400000000,0.0005925228
3.1410000000,-0.0004074774
