-4.84341043143869562446
-4.15679573857116823991
-3.74649945936027789755
-3.45471339295933545818
-3.23890517355803042522
-3.04197899054048276368
-2.90671486428323141201
-2.79802548802588374921
-2.66070810195537718048
-2.59841370711724018198
-2.44076360135925311866
-2.33092810796479593888
-2.24836429018994764326
-2.19157391076136313164
-2.17215698271664754758
-2.21593512704845003861
-2.00210579397278768451
-2.08795283460960712989
-1.89918448342467766456
-2.06587636611889514677
-1.86805579546554668122
-1.72531080321054597826
-1.96239260082734388640
-1.78202159024811863941
-1.64320477490491779397
-1.53428950572017675229
-1.86688250878842657010
-1.70264460372241468490
-1.56944290825611284905
-1.45916617455580111375
-1.36667639753967203606
-1.90429231130231039126
-1.73584048983641100919
-1.59561390584103049645
-1.47621906864787758170
-1.37288072749847155768
-1.28233803086910756568
-1.20226759235993391401
-1.13095781020753520095
-1.99510039324608488961
-1.82586035111351015063
-1.68248183550427241853
-1.55830288056940216557
-1.44895305024932010687
-1.35140995926638873338
-1.26349636586510784427
-1.18359191288415046021
-1.11045817495184765235
-1.04312744112600358222
