10,1.5274220521541950112889146629058245707710739225149154663085937500000000000000000000000000000000000000,1.5497677311665406903662053905712525647686561569571495056152343750000000000000000000000000000000000000
20,1.5908931608105302418516152629379689642519224435091018676757812500000000000000000000000000000000000000,1.5961632439130233167019073947656693235330749303102493286132812500000000000000000000000000000000000000
30,1.6098499458483937455018086826186163307284004986286163330078125000000000000000000000000000000000000000,1.6121501176015976033442309023335781148489331826567649841308593750000000000000000000000000000000000000
40,1.6189615008110116739113368278246696263522608205676078796386718750000000000000000000000000000000000000,1.6202439630069354083424099099985937755263876169919967651367187500000000000000000000000000000000000000
50,1.6243162404936659204803331424393775250791804865002632141113281250000000000000000000000000000000000000,1.6251327336215293106616922025331462009489769116044044494628906250000000000000000000000000000000000000
60,1.6278404659586864232411265729361105059069814160466194152832031250000000000000000000000000000000000000,1.6284055175083688260344316756089710906962864100933074951171875000000000000000000000000000000000000000
70,1.6303357859497841213670260573920245406043250113725662231445312500000000000000000000000000000000000000,1.6307499074900196232504323567980009102029725909233093261718750000000000000000000000000000000000000000
80,1.6321953856053100478506329151784370878885965794324874877929687500000000000000000000000000000000000000,1.6325118663375644941166200951876419367181370034813880920410156250000000000000000000000000000000000000
90,1.6336347520379882230145626720307916457386454567313194274902343750000000000000000000000000000000000000,1.6338844555141361714403758220726103900233283638954162597656250000000000000000000000000000000000000000
100,1.6347818697798321572935836831774736310762818902730941772460937500000000000000000000000000000000000000,1.6349839001848928651036002568375238297448959201574325561523437500000000000000000000000000000000000000
110,1.6357175422268772352471163933351760988443857058882713317871093750000000000000000000000000000000000000,1.6358843548543030643272269686328002080699661746621131896972656250000000000000000000000000000000000000
120,1.6364952983615062506467935365961352545127738267183303833007812500000000000000000000000000000000000000,1.6366353592878375668899851302917625162081094458699226379394531250000000000000000000000000000000000000
130,1.6371520049544618219655028878989355689554940909147262573242187500000000000000000000000000000000000000,1.6372712690946104312651049328408703331660944968461990356445312500000000000000000000000000000000000000
140,1.6377138816078995359496947581412484851171029731631278991699218750000000000000000000000000000000000000,1.6378166591714895383843572651549891361355548724532127380371093750000000000000000000000000000000000000
150,1.6382000855609800857000737939195289527560817077755928039550781250000000000000000000000000000000000000,1.6382895730215048862507543070421434094896540045738220214843750000000000000000000000000000000000000000
160,1.6386249395111061867525911739384980592149076983332633972167968750000000000000000000000000000000000000,1.6387035574084401523585821647266413947363616898655891418457031250000000000000000000000000000000000000
170,1.6389993661659538210645381539620757394004613161087036132812500000000000000000000000000000000000000000,1.6390689810217429655441259694903521904052468016743659973144531250000000000000000000000000000000000000
180,1.6393318406039492712237409799413967448344919830560684204101562500000000000000000000000000000000000000,1.6393939148136520395733148336425699653773335739970207214355468750000000000000000000000000000000000000
190,1.6396290395021477179779770261269788989011431112885475158691406250000000000000000000000000000000000000,1.6396847350701620942090702692794934591802302747964859008789062500000000000000000000000000000000000000
200,1.6398962941274186719958771973892908135894685983657836914062500000000000000000000000000000000000000000,1.6399465460149972679745888903823924920288845896720886230468750000000000000000000000000000000000000000
210,1.6401379129725249947846163478537562241399427875876426696777343750000000000000000000000000000000000000,1.6401834819582673801342115327273063485336024314165115356445312500000000000000000000000000000000000000
220,1.6403574157977513821174767039146047409303719177842140197753906250000000000000000000000000000000000000,1.6403989272289572806228646895121414672757964581251144409179687500000000000000000000000000000000000000
230,1.6405577062181991264411262676503611146472394466400146484375000000000000000000000000000000000000000000,1.6405956788589080707230910549654367969196755439043045043945312500000000000000000000000000000000000000
240,1.6407412008734075767367802112239871803467394784092903137207031250000000000000000000000000000000000000,1.6407760686808300265495524916659064729174133390188217163085937500000000000000000000000000000000000000
250,1.6409099274094773243670708495756116462871432304382324218750000000000000000000000000000000000000000000,1.6409420561815939026972799297254823613911867141723632812500000000000000000000000000000000000000000000
260,1.6410655997189539910281058654462071899615693837404251098632812500000000000000000000000000000000000000,1.6410952999691769613188618848198530031368136405944824218750000000000000000000000000000000000000000000
270,1.6412096763674844066309074785969812637631548568606376647949218750000000000000000000000000000000000000,1.6412372133875644731508883222836914228537352755665779113769531250000000000000000000000000000000000000
280,1.6413434064331491603035487192308039539057062938809394836425781250000000000000000000000000000000000000,1.6413690082355149979075753519097702337603550404310226440429687500000000000000000000000000000000000000
290,1.6414678658125601039882018872262392505945172160863876342773437500000000000000000000000000000000000000,1.6414917294557023347018748227199580469459760934114456176757812500000000000000000000000000000000000000
300,1.6415839862293032266849987510504149668122408911585807800292968750000000000000000000000000000000000000,1.6416062828976228699009304312639301315357442945241928100585937500000000000000000000000000000000000000
310,1.6416925786005834921347720789519541995105100795626640319824218750000000000000000000000000000000000000,1.6417134577157260232928293053333845818997360765933990478515625000000000000000000000000000000000000000
320,1.6417943520020180378851670788264982547843828797340393066406250000000000000000000000000000000000000000,1.6418139445744733496881234691144868520495947450399398803710937500000000000000000000000000000000000000
330,1.6418899291685609036564597040808166639180853962898254394531250000000000000000000000000000000000000000,1.6419083505484139708617552511071835397160612046718597412109375000000000000000000000000000000000000000
340,1.6419798592478641967567359882806954374245833605527877807617187500000000000000000000000000000000000000,1.6419972113967106030867071364554021783987991511821746826171875000000000000000000000000000000000000000
350,1.6420646283579502100339123082939352116227382794022560119628906250000000000000000000000000000000000000,1.6420810017364737936869725776212192158709513023495674133300781250000000000000000000000000000000000000
360,1.6421446683779179119772387296372073706152150407433509826660156250000000000000000000000000000000000000,1.6421601435229004448297651652666218069498427212238311767578125000000000000000000000000000000000000000
370,1.6422203643073335233709686420411344442982226610183715820312500000000000000000000000000000000000000000,1.6422350131561169230822935793945305249508237466216087341308593750000000000000000000000000000000000000
380,1.6422920604590121758641768634490176737017463892698287963867187500000000000000000000000000000000000000,1.6423059474673685157602998074821698537562042474746704101562500000000000000000000000000000000000000000
390,1.6423600656953894323880974170926094757305691018700599670410156250000000000000000000000000000000000000,1.6423732487854396815997459757596743656904436647891998291015625000000000000000000000000000000000000000
400,1.6424246578764836757566639158234522710699820891022682189941406250000000000000000000000000000000000000,1.6424371892440630249640140525535514370858436450362205505371093750000000000000000000000000000000000000
410,1.6424860876545494779710221422419635928235948085784912109375000000000000000000000000000000000000000000,1.6424980144597458807907697231343036037287674844264984130859375000000000000000000000000000000000000000
420,1.6425445817246966035730937338854573681601323187351226806640625000000000000000000000000000000000000000,1.6425559466848197078935739368077406652446370571851730346679687500000000000000000000000000000000000000
430,1.6426003456203480490669527336322630617360118776559829711914062500000000000000000000000000000000000000,1.6426111875210415799340377129844625869736773893237113952636718750000000000000000000000000000000000000
440,1.6426535661261965210995852904041214515018509700894355773925781250000000000000000000000000000000000000,1.6426639202635803234213429657728511301684193313121795654296875000000000000000000000000000000000000000
450,1.6427044133683583779876810626596750353201059624552726745605468750000000000000000000000000000000000000,1.6427143119328190064461214792146392937866039574146270751953125000000000000000000000000000000000000000
460,1.6427530426310076956588485108667896383849438279867172241210937500000000000000000000000000000000000000,1.6427625150414282411423863572430548174452269449830055236816406250000000000000000000000000000000000000
470,1.6427995959403577513890937211726850364357233047485351562500000000000000000000000000000000000000000000,1.6428086691360960244854411138604177722299937158823013305664062500000000000000000000000000000000000000
480,1.6428442034500246821202701363873188711295370012521743774414062500000000000000000000000000000000000000,1.6428529021467424051485342606504502782627241685986518859863281250000000000000000000000000000000000000
490,1.6428869846562343316103207979672617966571124270558357238769531250000000000000000000000000000000000000,1.6428953315706930291819828915400591995421564206480979919433593750000000000000000000000000000000000000
500,1.6429280494667658490005185401017229196440894156694412231445312500000000000000000000000000000000000000,1.6429360655148941697863834709991692761832382529973983764648437500000000000000000000000000000000000000
510,1.6429674991437665536233442287183947883022483438253402709960937500000000000000000000000000000000000000,1.6429752036156346089740970528580987775058019906282424926757812500000000000000000000000000000000000000
520,1.6430054271374660054393784802684308488096576184034347534179687500000000000000000000000000000000000000,1.6430128378522479474198314530752895734622143208980560302734375000000000000000000000000000000000000000
530,1.6430419198252396826990043288141407629154855385422706604003906250000000000000000000000000000000000000,1.6430490532687846959043059813510012645565439015626907348632812500000000000000000000000000000000000000
540,1.6430770571683259060561527187260821847303304821252822875976562500000000000000000000000000000000000000,1.6430839286155729261646590844136994746804703027009963989257812500000000000000000000000000000000000000
550,1.6431109132967051434954380839670307068445254117250442504882812500000000000000000000000000000000000000,1.6431175369208541961214137261393375410989392548799514770507812500000000000000000000000000000000000000
560,1.6431435570311454938885117882385600296402117237448692321777343750000000000000000000000000000000000000,1.6431499460012275276544688185076381614635465666651725769042968750000000000000000000000000000000000000
570,1.6431750523501511289294757522938539295864757150411605834960937500000000000000000000000000000000000000,1.6431812189184096288045028311231021689309272915124893188476562500000000000000000000000000000000000000
580,1.6432054588084805591850431905065477167227072641253471374511718750000000000000000000000000000000000000,1.6432114143887848461012685108428854618978220969438552856445312500000000000000000000000000000000000000
590,1.6432348319129953174337968602181092592218192294239997863769531250000000000000000000000000000000000000,1.6432405871513413074883058762054588441969826817512512207031250000000000000000000000000000000000000000
600,1.6432632234608296385334688660684321348526282235980033874511718750000000000000000000000000000000000000,1.6432687882988441490771797104386564569722395390272140502929687500000000000000000000000000000000000000
610,1.6432906818442156085926034170263676514878170564770698547363281250000000000000000000000000000000000000,1.6432960655764610592537156019687927255290560424327850341796875000000000000000000000000000000000000000
620,1.6433172523257376125690662482803361399419372901320457458496093750000000000000000000000000000000000000,1.6433224636515119088629732768680469234823249280452728271484375000000000000000000000000000000000000000
630,1.6433429772873095467064508135024425428127869963645935058593750000000000000000000000000000000000000000,1.6433480243575483532251363394394161332456860691308975219726562500000000000000000000000000000000000000
640,1.6433678964557556189925516254568549356918083503842353820800781250000000000000000000000000000000000000,1.6433727869155688693092454144561997964046895503997802734375000000000000000000000000000000000000000000
650,1.6433920471075201713865784891588361915637506172060966491699218750000000000000000000000000000000000000,1.6433967881348296671438144467281006200209958478808403015136718750000000000000000000000000000000000000
660,1.6434154642547251538257230274453490892483387142419815063476562500000000000000000000000000000000000000,1.6434200625954139098668788099288917692319955676794052124023437500000000000000000000000000000000000000
670,1.6434381808145283699685093581344119684217730537056922912597656250000000000000000000000000000000000000,1.6434426428144636651070692456855226737388875335454940795898437500000000000000000000000000000000000000
680,1.6434602277635053342108931162535157000093022361397743225097656250000000000000000000000000000000000000,1.6434645593977551276260173906962336332071572542190551757812500000000000000000000000000000000000000000
690,1.6434816342785773873261950805968467648199293762445449829101562500000000000000000000000000000000000000,1.6434858411781029493073380542966788198100402951240539550781250000000000000000000000000000000000000000
700,1.6435024278658343352193735298349963613873114809393882751464843750000000000000000000000000000000000000,1.6435065153419098223606942266172836752957664430141448974609375000000000000000000000000000000000000000
710,1.6435226344784476327012812113537165714660659432411193847656250000000000000000000000000000000000000000,1.6435266075450292713386324372493163537001237273216247558593750000000000000000000000000000000000000000
720,1.6435422786247369647798927116966183348267804831266403198242187500000000000000000000000000000000000000,1.6435461420189799238052164032097834933665581047534942626953125000000000000000000000000000000000000000
730,1.6435613834673363676131679911307514885265845805406570434570312500000000000000000000000000000000000000,1.6435651416684358254189507464460007213347125798463821411132812500000000000000000000000000000000000000
740,1.6435799709143035281927458512996054196264594793319702148437500000000000000000000000000000000000000000,1.6435836281608174828505058995276044697675388306379318237304687500000000000000000000000000000000000000
750,1.6435980617029257427191835105872996791731566190719604492187500000000000000000000000000000000000000000,1.6436016220087204041215567240641348689678125083446502685546875000000000000000000000000000000000000000
760,1.6436156754768965373818268016492538663442246615886688232421875000000000000000000000000000000000000000,1.6436191426458404086976411440090828364191111177206039428710937500000000000000000000000000000000000000
770,1.6436328308574667945822500580987934881704859435558319091796875000000000000000000000000000000000000000,1.6436362084969865250943382717352392319298814982175827026367187500000000000000000000000000000000000000
780,1.6436495455091121757141073289609778385056415572762489318847656250000000000000000000000000000000000000,1.6436528370427117365110830649044260098889935761690139770507812500000000000000000000000000000000000000
790,1.6436658362002036616947298064417282148497179150581359863281250000000000000000000000000000000000000000,1.6436690448790381709025243406330218931543640792369842529296875000000000000000000000000000000000000000
800,1.6436817188591192601511761783861231833725469186902046203613281250000000000000000000000000000000000000,1.6436848477727057048474595957188171269081067293882369995117187500000000000000000000000000000000000000
810,1.6436972086261915812184855600897037675167666748166084289550781250000000000000000000000000000000000000,1.6437002607123306064090123568277590493380557745695114135742187500000000000000000000000000000000000000
820,1.6437123199018474092956282328614747711981181055307388305664062500000000000000000000000000000000000000,1.6437152979558231466385848085209886448865290731191635131835937500000000000000000000000000000000000000
830,1.6437270663912610086212010007677974954276578500866889953613281250000000000000000000000000000000000000,1.6437299730743794999761331343535175619763322174549102783203125000000000000000000000000000000000000000
840,1.6437414611458122038400650466449803843715926632285118103027343750000000000000000000000000000000000000,1.6437442989933332361442847036059333731827791780233383178710937500000000000000000000000000000000000000
850,1.6437555166016128369846013845823051724437391385436058044433593750000000000000000000000000000000000000,1.6437582880301248764668559099177969073934946209192276000976562500000000000000000000000000000000000000
860,1.6437692446153406372003763502576134669652674347162246704101562500000000000000000000000000000000000000,1.6437719519296239524064687231863501892803469672799110412597656250000000000000000000000000000000000000
870,1.6437826564975975237366950798545417455898132175207138061523437500000000000000000000000000000000000000,1.6437853018970164608019562946239489065192174166440963745117187500000000000000000000000000000000000000
880,1.6437957630439895975000760830475599050259916111826896667480468750000000000000000000000000000000000000,1.6437983486284512679026503789714297454338520765304565429687500000000000000000000000000000000000000000
890,1.6438085745641083148518499235102297006960725411772727966308593750000000000000000000000000000000000000,1.6438111023396216260790414498416112110135145485401153564453125000000000000000000000000000000000000000
900,1.6438211009085763624794351844826678643585182726383209228515625000000000000000000000000000000000000000,1.6438235727924423135951764729512092344521079212427139282226562500000000000000000000000000000000000000
910,1.6438333514943073410639884368578123030602000653743743896484375000000000000000000000000000000000000000,1.6438357693199688118988743834592014536610804498195648193359375000000000000000000000000000000000000000
920,1.6438453353281153917955087484514820062031503766775131225585937500000000000000000000000000000000000000,1.6438477008496922002808021678887939742708113044500350952148437500000000000000000000000000000000000000
930,1.6438570610287991603706142518248611850140150636434555053710937500000000000000000000000000000000000000,1.6438593759253319652935063088783351759047945961356163024902343750000000000000000000000000000000000000
940,1.6438685368478138940561902869852417552465340122580528259277343750000000000000000000000000000000000000,1.6438708027272385184258673973545228363946080207824707031250000000000000000000000000000000000000000000
950,1.6438797706886358695023767073628562229714589193463325500488281250000000000000000000000000000000000000,1.6438819890915078131103654879296982471714727580547332763671875000000000000000000000000000000000000000
960,1.6438907701249146502174916517624581047130050137639045715332031250000000000000000000000000000000000000,1.6438929425279019209873293538848315620271023362874984741210937500000000000000000000000000000000000000
970,1.6439015424175007859140459909319531561777694150805473327636718750000000000000000000000000000000000000,1.6439036702366616907004803760372624310548417270183563232421875000000000000000000000000000000000000000
980,1.6439120945304294014186266559285343191731953993439674377441406250000000000000000000000000000000000000,1.6439141791242905849164401832496196220745332539081573486328125000000000000000000000000000000000000000
990,1.6439224331459336149148867112224081665772246196866035461425781250000000000000000000000000000000000000,1.6439244758183824062858571779521810185542562976479530334472656250000000000000000000000000000000000000
