100,1.6347819566726684570312500000000000000000000000000000000000000000000000000000000000000000000000000000,1.6349838972091674804687500000000000000000000000000000000000000000000000000000000000000000000000000000
600,1.6432633399963378906250000000000000000000000000000000000000000000000000000000000000000000000000000000,1.6432688236236572265625000000000000000000000000000000000000000000000000000000000000000000000000000000
1100,1.6440234184265136718750000000000000000000000000000000000000000000000000000000000000000000000000000000,1.6440253257751464843750000000000000000000000000000000000000000000000000000000000000000000000000000000
1600,1.6443084478378295898437500000000000000000000000000000000000000000000000000000000000000000000000000000,1.6443092823028564453125000000000000000000000000000000000000000000000000000000000000000000000000000000
2100,1.6444554328918457031250000000000000000000000000000000000000000000000000000000000000000000000000000000,1.6444580554962158203125000000000000000000000000000000000000000000000000000000000000000000000000000000
2600,1.6445467472076416015625000000000000000000000000000000000000000000000000000000000000000000000000000000,1.6445494890213012695312500000000000000000000000000000000000000000000000000000000000000000000000000000
3100,1.6446063518524169921875000000000000000000000000000000000000000000000000000000000000000000000000000000,1.6446115970611572265625000000000000000000000000000000000000000000000000000000000000000000000000000000
3600,1.6446659564971923828125000000000000000000000000000000000000000000000000000000000000000000000000000000,1.6446563005447387695312500000000000000000000000000000000000000000000000000000000000000000000000000000
4100,1.6447253227233886718750000000000000000000000000000000000000000000000000000000000000000000000000000000,1.6446901559829711914062500000000000000000000000000000000000000000000000000000000000000000000000000000
4600,1.6447253227233886718750000000000000000000000000000000000000000000000000000000000000000000000000000000,1.6447167396545410156250000000000000000000000000000000000000000000000000000000000000000000000000000000
5100,1.6447253227233886718750000000000000000000000000000000000000000000000000000000000000000000000000000000,1.6447379589080810546875000000000000000000000000000000000000000000000000000000000000000000000000000000
5600,1.6447253227233886718750000000000000000000000000000000000000000000000000000000000000000000000000000000,1.6447554826736450195312500000000000000000000000000000000000000000000000000000000000000000000000000000
6100,1.6447253227233886718750000000000000000000000000000000000000000000000000000000000000000000000000000000,1.6447701454162597656250000000000000000000000000000000000000000000000000000000000000000000000000000000
6600,1.6447253227233886718750000000000000000000000000000000000000000000000000000000000000000000000000000000,1.6447825431823730468750000000000000000000000000000000000000000000000000000000000000000000000000000000
7100,1.6447253227233886718750000000000000000000000000000000000000000000000000000000000000000000000000000000,1.6447932720184326171875000000000000000000000000000000000000000000000000000000000000000000000000000000
7600,1.6447253227233886718750000000000000000000000000000000000000000000000000000000000000000000000000000000,1.6448024511337280273437500000000000000000000000000000000000000000000000000000000000000000000000000000
8100,1.6447253227233886718750000000000000000000000000000000000000000000000000000000000000000000000000000000,1.6448106765747070312500000000000000000000000000000000000000000000000000000000000000000000000000000000
8600,1.6447253227233886718750000000000000000000000000000000000000000000000000000000000000000000000000000000,1.6448178291320800781250000000000000000000000000000000000000000000000000000000000000000000000000000000
9100,1.6447253227233886718750000000000000000000000000000000000000000000000000000000000000000000000000000000,1.6448241472244262695312500000000000000000000000000000000000000000000000000000000000000000000000000000
9600,1.6447253227233886718750000000000000000000000000000000000000000000000000000000000000000000000000000000,1.6448298692703247070312500000000000000000000000000000000000000000000000000000000000000000000000000000
10100,1.6447253227233886718750000000000000000000000000000000000000000000000000000000000000000000000000000000,1.6448349952697753906250000000000000000000000000000000000000000000000000000000000000000000000000000000
10600,1.6447253227233886718750000000000000000000000000000000000000000000000000000000000000000000000000000000,1.6448397636413574218750000000000000000000000000000000000000000000000000000000000000000000000000000000
11100,1.6447253227233886718750000000000000000000000000000000000000000000000000000000000000000000000000000000,1.6448439359664916992187500000000000000000000000000000000000000000000000000000000000000000000000000000
11600,1.6447253227233886718750000000000000000000000000000000000000000000000000000000000000000000000000000000,1.6448478698730468750000000000000000000000000000000000000000000000000000000000000000000000000000000000
12100,1.6447253227233886718750000000000000000000000000000000000000000000000000000000000000000000000000000000,1.6448514461517333984375000000000000000000000000000000000000000000000000000000000000000000000000000000
12600,1.6447253227233886718750000000000000000000000000000000000000000000000000000000000000000000000000000000,1.6448546648025512695312500000000000000000000000000000000000000000000000000000000000000000000000000000
13100,1.6447253227233886718750000000000000000000000000000000000000000000000000000000000000000000000000000000,1.6448576450347900390625000000000000000000000000000000000000000000000000000000000000000000000000000000
13600,1.6447253227233886718750000000000000000000000000000000000000000000000000000000000000000000000000000000,1.6448605060577392578125000000000000000000000000000000000000000000000000000000000000000000000000000000
14100,1.6447253227233886718750000000000000000000000000000000000000000000000000000000000000000000000000000000,1.6448631286621093750000000000000000000000000000000000000000000000000000000000000000000000000000000000
14600,1.6447253227233886718750000000000000000000000000000000000000000000000000000000000000000000000000000000,1.6448655128479003906250000000000000000000000000000000000000000000000000000000000000000000000000000000
15100,1.6447253227233886718750000000000000000000000000000000000000000000000000000000000000000000000000000000,1.6448678970336914062500000000000000000000000000000000000000000000000000000000000000000000000000000000
15600,1.6447253227233886718750000000000000000000000000000000000000000000000000000000000000000000000000000000,1.6448699235916137695312500000000000000000000000000000000000000000000000000000000000000000000000000000
16100,1.6447253227233886718750000000000000000000000000000000000000000000000000000000000000000000000000000000,1.6448719501495361328125000000000000000000000000000000000000000000000000000000000000000000000000000000
16600,1.6447253227233886718750000000000000000000000000000000000000000000000000000000000000000000000000000000,1.6448738574981689453125000000000000000000000000000000000000000000000000000000000000000000000000000000
17100,1.6447253227233886718750000000000000000000000000000000000000000000000000000000000000000000000000000000,1.6448755264282226562500000000000000000000000000000000000000000000000000000000000000000000000000000000
17600,1.6447253227233886718750000000000000000000000000000000000000000000000000000000000000000000000000000000,1.6448771953582763671875000000000000000000000000000000000000000000000000000000000000000000000000000000
18100,1.6447253227233886718750000000000000000000000000000000000000000000000000000000000000000000000000000000,1.6448788642883300781250000000000000000000000000000000000000000000000000000000000000000000000000000000
18600,1.6447253227233886718750000000000000000000000000000000000000000000000000000000000000000000000000000000,1.6448802947998046875000000000000000000000000000000000000000000000000000000000000000000000000000000000
19100,1.6447253227233886718750000000000000000000000000000000000000000000000000000000000000000000000000000000,1.6448817253112792968750000000000000000000000000000000000000000000000000000000000000000000000000000000
19600,1.6447253227233886718750000000000000000000000000000000000000000000000000000000000000000000000000000000,1.6448830366134643554687500000000000000000000000000000000000000000000000000000000000000000000000000000
20100,1.6447253227233886718750000000000000000000000000000000000000000000000000000000000000000000000000000000,1.6448843479156494140625000000000000000000000000000000000000000000000000000000000000000000000000000000
20600,1.6447253227233886718750000000000000000000000000000000000000000000000000000000000000000000000000000000,1.6448855400085449218750000000000000000000000000000000000000000000000000000000000000000000000000000000
21100,1.6447253227233886718750000000000000000000000000000000000000000000000000000000000000000000000000000000,1.6448867321014404296875000000000000000000000000000000000000000000000000000000000000000000000000000000
21600,1.6447253227233886718750000000000000000000000000000000000000000000000000000000000000000000000000000000,1.6448876857757568359375000000000000000000000000000000000000000000000000000000000000000000000000000000
22100,1.6447253227233886718750000000000000000000000000000000000000000000000000000000000000000000000000000000,1.6448888778686523437500000000000000000000000000000000000000000000000000000000000000000000000000000000
22600,1.6447253227233886718750000000000000000000000000000000000000000000000000000000000000000000000000000000,1.6448898315429687500000000000000000000000000000000000000000000000000000000000000000000000000000000000
23100,1.6447253227233886718750000000000000000000000000000000000000000000000000000000000000000000000000000000,1.6448907852172851562500000000000000000000000000000000000000000000000000000000000000000000000000000000
23600,1.6447253227233886718750000000000000000000000000000000000000000000000000000000000000000000000000000000,1.6448917388916015625000000000000000000000000000000000000000000000000000000000000000000000000000000000
24100,1.6447253227233886718750000000000000000000000000000000000000000000000000000000000000000000000000000000,1.6448925733566284179687500000000000000000000000000000000000000000000000000000000000000000000000000000
24600,1.6447253227233886718750000000000000000000000000000000000000000000000000000000000000000000000000000000,1.6448934078216552734375000000000000000000000000000000000000000000000000000000000000000000000000000000
