100,1.6347819566726684570312500000000000000000000000000000000000000000000000000000000000000000000000000000,1.6349838972091674804687500000000000000000000000000000000000000000000000000000000000000000000000000000
1100,1.6440234184265136718750000000000000000000000000000000000000000000000000000000000000000000000000000000,1.6440253257751464843750000000000000000000000000000000000000000000000000000000000000000000000000000000
2100,1.6444554328918457031250000000000000000000000000000000000000000000000000000000000000000000000000000000,1.6444580554962158203125000000000000000000000000000000000000000000000000000000000000000000000000000000
3100,1.6446063518524169921875000000000000000000000000000000000000000000000000000000000000000000000000000000,1.6446115970611572265625000000000000000000000000000000000000000000000000000000000000000000000000000000
4100,1.6447253227233886718750000000000000000000000000000000000000000000000000000000000000000000000000000000,1.6446901559829711914062500000000000000000000000000000000000000000000000000000000000000000000000000000
5100,1.6447253227233886718750000000000000000000000000000000000000000000000000000000000000000000000000000000,1.6447379589080810546875000000000000000000000000000000000000000000000000000000000000000000000000000000
6100,1.6447253227233886718750000000000000000000000000000000000000000000000000000000000000000000000000000000,1.6447701454162597656250000000000000000000000000000000000000000000000000000000000000000000000000000000
7100,1.6447253227233886718750000000000000000000000000000000000000000000000000000000000000000000000000000000,1.6447932720184326171875000000000000000000000000000000000000000000000000000000000000000000000000000000
8100,1.6447253227233886718750000000000000000000000000000000000000000000000000000000000000000000000000000000,1.6448106765747070312500000000000000000000000000000000000000000000000000000000000000000000000000000000
9100,1.6447253227233886718750000000000000000000000000000000000000000000000000000000000000000000000000000000,1.6448241472244262695312500000000000000000000000000000000000000000000000000000000000000000000000000000
10100,1.6447253227233886718750000000000000000000000000000000000000000000000000000000000000000000000000000000,1.6448349952697753906250000000000000000000000000000000000000000000000000000000000000000000000000000000
11100,1.6447253227233886718750000000000000000000000000000000000000000000000000000000000000000000000000000000,1.6448439359664916992187500000000000000000000000000000000000000000000000000000000000000000000000000000
12100,1.6447253227233886718750000000000000000000000000000000000000000000000000000000000000000000000000000000,1.6448514461517333984375000000000000000000000000000000000000000000000000000000000000000000000000000000
13100,1.6447253227233886718750000000000000000000000000000000000000000000000000000000000000000000000000000000,1.6448576450347900390625000000000000000000000000000000000000000000000000000000000000000000000000000000
14100,1.6447253227233886718750000000000000000000000000000000000000000000000000000000000000000000000000000000,1.6448631286621093750000000000000000000000000000000000000000000000000000000000000000000000000000000000
15100,1.6447253227233886718750000000000000000000000000000000000000000000000000000000000000000000000000000000,1.6448678970336914062500000000000000000000000000000000000000000000000000000000000000000000000000000000
16100,1.6447253227233886718750000000000000000000000000000000000000000000000000000000000000000000000000000000,1.6448719501495361328125000000000000000000000000000000000000000000000000000000000000000000000000000000
17100,1.6447253227233886718750000000000000000000000000000000000000000000000000000000000000000000000000000000,1.6448755264282226562500000000000000000000000000000000000000000000000000000000000000000000000000000000
18100,1.6447253227233886718750000000000000000000000000000000000000000000000000000000000000000000000000000000,1.6448788642883300781250000000000000000000000000000000000000000000000000000000000000000000000000000000
19100,1.6447253227233886718750000000000000000000000000000000000000000000000000000000000000000000000000000000,1.6448817253112792968750000000000000000000000000000000000000000000000000000000000000000000000000000000
20100,1.6447253227233886718750000000000000000000000000000000000000000000000000000000000000000000000000000000,1.6448843479156494140625000000000000000000000000000000000000000000000000000000000000000000000000000000
21100,1.6447253227233886718750000000000000000000000000000000000000000000000000000000000000000000000000000000,1.6448867321014404296875000000000000000000000000000000000000000000000000000000000000000000000000000000
22100,1.6447253227233886718750000000000000000000000000000000000000000000000000000000000000000000000000000000,1.6448888778686523437500000000000000000000000000000000000000000000000000000000000000000000000000000000
23100,1.6447253227233886718750000000000000000000000000000000000000000000000000000000000000000000000000000000,1.6448907852172851562500000000000000000000000000000000000000000000000000000000000000000000000000000000
24100,1.6447253227233886718750000000000000000000000000000000000000000000000000000000000000000000000000000000,1.6448925733566284179687500000000000000000000000000000000000000000000000000000000000000000000000000000
25100,1.6447253227233886718750000000000000000000000000000000000000000000000000000000000000000000000000000000,1.6448942422866821289062500000000000000000000000000000000000000000000000000000000000000000000000000000
26100,1.6447253227233886718750000000000000000000000000000000000000000000000000000000000000000000000000000000,1.6448957920074462890625000000000000000000000000000000000000000000000000000000000000000000000000000000
27100,1.6447253227233886718750000000000000000000000000000000000000000000000000000000000000000000000000000000,1.6448972225189208984375000000000000000000000000000000000000000000000000000000000000000000000000000000
28100,1.6447253227233886718750000000000000000000000000000000000000000000000000000000000000000000000000000000,1.6448984146118164062500000000000000000000000000000000000000000000000000000000000000000000000000000000
29100,1.6447253227233886718750000000000000000000000000000000000000000000000000000000000000000000000000000000,1.6448997259140014648437500000000000000000000000000000000000000000000000000000000000000000000000000000
30100,1.6447253227233886718750000000000000000000000000000000000000000000000000000000000000000000000000000000,1.6449007987976074218750000000000000000000000000000000000000000000000000000000000000000000000000000000
31100,1.6447253227233886718750000000000000000000000000000000000000000000000000000000000000000000000000000000,1.6449018716812133789062500000000000000000000000000000000000000000000000000000000000000000000000000000
32100,1.6447253227233886718750000000000000000000000000000000000000000000000000000000000000000000000000000000,1.6449029445648193359375000000000000000000000000000000000000000000000000000000000000000000000000000000
33100,1.6447253227233886718750000000000000000000000000000000000000000000000000000000000000000000000000000000,1.6449038982391357421875000000000000000000000000000000000000000000000000000000000000000000000000000000
34100,1.6447253227233886718750000000000000000000000000000000000000000000000000000000000000000000000000000000,1.6449047327041625976562500000000000000000000000000000000000000000000000000000000000000000000000000000
35100,1.6447253227233886718750000000000000000000000000000000000000000000000000000000000000000000000000000000,1.6449055671691894531250000000000000000000000000000000000000000000000000000000000000000000000000000000
36100,1.6447253227233886718750000000000000000000000000000000000000000000000000000000000000000000000000000000,1.6449062824249267578125000000000000000000000000000000000000000000000000000000000000000000000000000000
37100,1.6447253227233886718750000000000000000000000000000000000000000000000000000000000000000000000000000000,1.6449071168899536132812500000000000000000000000000000000000000000000000000000000000000000000000000000
38100,1.6447253227233886718750000000000000000000000000000000000000000000000000000000000000000000000000000000,1.6449078321456909179687500000000000000000000000000000000000000000000000000000000000000000000000000000
39100,1.6447253227233886718750000000000000000000000000000000000000000000000000000000000000000000000000000000,1.6449084281921386718750000000000000000000000000000000000000000000000000000000000000000000000000000000
40100,1.6447253227233886718750000000000000000000000000000000000000000000000000000000000000000000000000000000,1.6449091434478759765625000000000000000000000000000000000000000000000000000000000000000000000000000000
41100,1.6447253227233886718750000000000000000000000000000000000000000000000000000000000000000000000000000000,1.6449097394943237304687500000000000000000000000000000000000000000000000000000000000000000000000000000
42100,1.6447253227233886718750000000000000000000000000000000000000000000000000000000000000000000000000000000,1.6449103355407714843750000000000000000000000000000000000000000000000000000000000000000000000000000000
43100,1.6447253227233886718750000000000000000000000000000000000000000000000000000000000000000000000000000000,1.6449108123779296875000000000000000000000000000000000000000000000000000000000000000000000000000000000
44100,1.6447253227233886718750000000000000000000000000000000000000000000000000000000000000000000000000000000,1.6449114084243774414062500000000000000000000000000000000000000000000000000000000000000000000000000000
45100,1.6447253227233886718750000000000000000000000000000000000000000000000000000000000000000000000000000000,1.6449118852615356445312500000000000000000000000000000000000000000000000000000000000000000000000000000
46100,1.6447253227233886718750000000000000000000000000000000000000000000000000000000000000000000000000000000,1.6449123620986938476562500000000000000000000000000000000000000000000000000000000000000000000000000000
47100,1.6447253227233886718750000000000000000000000000000000000000000000000000000000000000000000000000000000,1.6449128389358520507812500000000000000000000000000000000000000000000000000000000000000000000000000000
48100,1.6447253227233886718750000000000000000000000000000000000000000000000000000000000000000000000000000000,1.6449131965637207031250000000000000000000000000000000000000000000000000000000000000000000000000000000
49100,1.6447253227233886718750000000000000000000000000000000000000000000000000000000000000000000000000000000,1.6449136734008789062500000000000000000000000000000000000000000000000000000000000000000000000000000000
50100,1.6447253227233886718750000000000000000000000000000000000000000000000000000000000000000000000000000000,1.6449141502380371093750000000000000000000000000000000000000000000000000000000000000000000000000000000
51100,1.6447253227233886718750000000000000000000000000000000000000000000000000000000000000000000000000000000,1.6449145078659057617187500000000000000000000000000000000000000000000000000000000000000000000000000000
52100,1.6447253227233886718750000000000000000000000000000000000000000000000000000000000000000000000000000000,1.6449148654937744140625000000000000000000000000000000000000000000000000000000000000000000000000000000
53100,1.6447253227233886718750000000000000000000000000000000000000000000000000000000000000000000000000000000,1.6449152231216430664062500000000000000000000000000000000000000000000000000000000000000000000000000000
54100,1.6447253227233886718750000000000000000000000000000000000000000000000000000000000000000000000000000000,1.6449155807495117187500000000000000000000000000000000000000000000000000000000000000000000000000000000
55100,1.6447253227233886718750000000000000000000000000000000000000000000000000000000000000000000000000000000,1.6449159383773803710937500000000000000000000000000000000000000000000000000000000000000000000000000000
56100,1.6447253227233886718750000000000000000000000000000000000000000000000000000000000000000000000000000000,1.6449162960052490234375000000000000000000000000000000000000000000000000000000000000000000000000000000
57100,1.6447253227233886718750000000000000000000000000000000000000000000000000000000000000000000000000000000,1.6449165344238281250000000000000000000000000000000000000000000000000000000000000000000000000000000000
58100,1.6447253227233886718750000000000000000000000000000000000000000000000000000000000000000000000000000000,1.6449167728424072265625000000000000000000000000000000000000000000000000000000000000000000000000000000
59100,1.6447253227233886718750000000000000000000000000000000000000000000000000000000000000000000000000000000,1.6449171304702758789062500000000000000000000000000000000000000000000000000000000000000000000000000000
60100,1.6447253227233886718750000000000000000000000000000000000000000000000000000000000000000000000000000000,1.6449174880981445312500000000000000000000000000000000000000000000000000000000000000000000000000000000
61100,1.6447253227233886718750000000000000000000000000000000000000000000000000000000000000000000000000000000,1.6449177265167236328125000000000000000000000000000000000000000000000000000000000000000000000000000000
62100,1.6447253227233886718750000000000000000000000000000000000000000000000000000000000000000000000000000000,1.6449179649353027343750000000000000000000000000000000000000000000000000000000000000000000000000000000
63100,1.6447253227233886718750000000000000000000000000000000000000000000000000000000000000000000000000000000,1.6449182033538818359375000000000000000000000000000000000000000000000000000000000000000000000000000000
64100,1.6447253227233886718750000000000000000000000000000000000000000000000000000000000000000000000000000000,1.6449184417724609375000000000000000000000000000000000000000000000000000000000000000000000000000000000
65100,1.6447253227233886718750000000000000000000000000000000000000000000000000000000000000000000000000000000,1.6449186801910400390625000000000000000000000000000000000000000000000000000000000000000000000000000000
66100,1.6447253227233886718750000000000000000000000000000000000000000000000000000000000000000000000000000000,1.6449189186096191406250000000000000000000000000000000000000000000000000000000000000000000000000000000
67100,1.6447253227233886718750000000000000000000000000000000000000000000000000000000000000000000000000000000,1.6449191570281982421875000000000000000000000000000000000000000000000000000000000000000000000000000000
68100,1.6447253227233886718750000000000000000000000000000000000000000000000000000000000000000000000000000000,1.6449193954467773437500000000000000000000000000000000000000000000000000000000000000000000000000000000
69100,1.6447253227233886718750000000000000000000000000000000000000000000000000000000000000000000000000000000,1.6449196338653564453125000000000000000000000000000000000000000000000000000000000000000000000000000000
70100,1.6447253227233886718750000000000000000000000000000000000000000000000000000000000000000000000000000000,1.6449198722839355468750000000000000000000000000000000000000000000000000000000000000000000000000000000
71100,1.6447253227233886718750000000000000000000000000000000000000000000000000000000000000000000000000000000,1.6449199914932250976562500000000000000000000000000000000000000000000000000000000000000000000000000000
72100,1.6447253227233886718750000000000000000000000000000000000000000000000000000000000000000000000000000000,1.6449201107025146484375000000000000000000000000000000000000000000000000000000000000000000000000000000
73100,1.6447253227233886718750000000000000000000000000000000000000000000000000000000000000000000000000000000,1.6449203491210937500000000000000000000000000000000000000000000000000000000000000000000000000000000000
74100,1.6447253227233886718750000000000000000000000000000000000000000000000000000000000000000000000000000000,1.6449205875396728515625000000000000000000000000000000000000000000000000000000000000000000000000000000
75100,1.6447253227233886718750000000000000000000000000000000000000000000000000000000000000000000000000000000,1.6449207067489624023437500000000000000000000000000000000000000000000000000000000000000000000000000000
76100,1.6447253227233886718750000000000000000000000000000000000000000000000000000000000000000000000000000000,1.6449209451675415039062500000000000000000000000000000000000000000000000000000000000000000000000000000
77100,1.6447253227233886718750000000000000000000000000000000000000000000000000000000000000000000000000000000,1.6449210643768310546875000000000000000000000000000000000000000000000000000000000000000000000000000000
78100,1.6447253227233886718750000000000000000000000000000000000000000000000000000000000000000000000000000000,1.6449213027954101562500000000000000000000000000000000000000000000000000000000000000000000000000000000
79100,1.6447253227233886718750000000000000000000000000000000000000000000000000000000000000000000000000000000,1.6449214220046997070312500000000000000000000000000000000000000000000000000000000000000000000000000000
80100,1.6447253227233886718750000000000000000000000000000000000000000000000000000000000000000000000000000000,1.6449215412139892578125000000000000000000000000000000000000000000000000000000000000000000000000000000
81100,1.6447253227233886718750000000000000000000000000000000000000000000000000000000000000000000000000000000,1.6449217796325683593750000000000000000000000000000000000000000000000000000000000000000000000000000000
82100,1.6447253227233886718750000000000000000000000000000000000000000000000000000000000000000000000000000000,1.6449218988418579101562500000000000000000000000000000000000000000000000000000000000000000000000000000
83100,1.6447253227233886718750000000000000000000000000000000000000000000000000000000000000000000000000000000,1.6449220180511474609375000000000000000000000000000000000000000000000000000000000000000000000000000000
84100,1.6447253227233886718750000000000000000000000000000000000000000000000000000000000000000000000000000000,1.6449221372604370117187500000000000000000000000000000000000000000000000000000000000000000000000000000
85100,1.6447253227233886718750000000000000000000000000000000000000000000000000000000000000000000000000000000,1.6449222564697265625000000000000000000000000000000000000000000000000000000000000000000000000000000000
86100,1.6447253227233886718750000000000000000000000000000000000000000000000000000000000000000000000000000000,1.6449224948883056640625000000000000000000000000000000000000000000000000000000000000000000000000000000
87100,1.6447253227233886718750000000000000000000000000000000000000000000000000000000000000000000000000000000,1.6449224948883056640625000000000000000000000000000000000000000000000000000000000000000000000000000000
88100,1.6447253227233886718750000000000000000000000000000000000000000000000000000000000000000000000000000000,1.6449227333068847656250000000000000000000000000000000000000000000000000000000000000000000000000000000
89100,1.6447253227233886718750000000000000000000000000000000000000000000000000000000000000000000000000000000,1.6449228525161743164062500000000000000000000000000000000000000000000000000000000000000000000000000000
90100,1.6447253227233886718750000000000000000000000000000000000000000000000000000000000000000000000000000000,1.6449229717254638671875000000000000000000000000000000000000000000000000000000000000000000000000000000
91100,1.6447253227233886718750000000000000000000000000000000000000000000000000000000000000000000000000000000,1.6449230909347534179687500000000000000000000000000000000000000000000000000000000000000000000000000000
92100,1.6447253227233886718750000000000000000000000000000000000000000000000000000000000000000000000000000000,1.6449232101440429687500000000000000000000000000000000000000000000000000000000000000000000000000000000
93100,1.6447253227233886718750000000000000000000000000000000000000000000000000000000000000000000000000000000,1.6449233293533325195312500000000000000000000000000000000000000000000000000000000000000000000000000000
94100,1.6447253227233886718750000000000000000000000000000000000000000000000000000000000000000000000000000000,1.6449234485626220703125000000000000000000000000000000000000000000000000000000000000000000000000000000
95100,1.6447253227233886718750000000000000000000000000000000000000000000000000000000000000000000000000000000,1.6449235677719116210937500000000000000000000000000000000000000000000000000000000000000000000000000000
96100,1.6447253227233886718750000000000000000000000000000000000000000000000000000000000000000000000000000000,1.6449236869812011718750000000000000000000000000000000000000000000000000000000000000000000000000000000
97100,1.6447253227233886718750000000000000000000000000000000000000000000000000000000000000000000000000000000,1.6449236869812011718750000000000000000000000000000000000000000000000000000000000000000000000000000000
98100,1.6447253227233886718750000000000000000000000000000000000000000000000000000000000000000000000000000000,1.6449239253997802734375000000000000000000000000000000000000000000000000000000000000000000000000000000
99100,1.6447253227233886718750000000000000000000000000000000000000000000000000000000000000000000000000000000,1.6449239253997802734375000000000000000000000000000000000000000000000000000000000000000000000000000000
