50000000,1.64493404679886334741,1.64493404684822652762
51000000,1.64493404724295255726,1.64493404724038350118
52000000,1.64493404768704176711,1.64493404761745742881
53000000,1.64493404813113097696,1.64493404798030207203
54000000,1.64493404857522018681,1.64493404832970813167
55000000,1.64493404897360373518,1.64493404866640835493
56000000,1.64493404919564834010,1.64493404899108375261
57000000,1.64493404941769294503,1.64493404930436692979
58000000,1.64493404963973754995,1.64493404960684719285
59000000,1.64493404986178215488,1.64493404989907410219
60000000,1.64493405008382675980,1.64493405018155991471
61000000,1.64493405030587136473,1.64493405045478402471
62000000,1.64493405052791596965,1.64493405071919429616
63000000,1.64493405074996057458,1.64493405097521061542
64000000,1.64493405097200517950,1.64493405122322644552
65000000,1.64493405119404978443,1.64493405146361104663
66000000,1.64493405141609438935,1.64493405169671147448
67000000,1.64493405163813899428,1.64493405192285346850
68000000,1.64493405186018359920,1.64493405214234411638
69000000,1.64493405208222820413,1.64493405235547296428
70000000,1.64493405230427280905,1.64493405256251223889
71000000,1.64493405252631741398,1.64493405276371951196
72000000,1.64493405274836201890,1.64493405295933770027
73000000,1.64493405297040662383,1.64493405314959639796
74000000,1.64493405319245122875,1.64493405333471298668
75000000,1.64493405341449583368,1.64493405351489307975
76000000,1.64493405363654043860,1.64493405369033185437
77000000,1.64493405385858504353,1.64493405386121360756
78000000,1.64493405408062964845,1.64493405402771375456
79000000,1.64493405430267425338,1.64493405418999860679
80000000,1.64493405452471885830,1.64493405434822648203
81000000,1.64493405474676346323,1.64493405450254748246
82000000,1.64493405496880806815,1.64493405465310460478
83000000,1.64493405519085267308,1.64493405480003374031
84000000,1.64493405541289727800,1.64493405494346456308
85000000,1.64493405563494188293,1.64493405508352052991
86000000,1.64493405585698648785,1.64493405522031954646
87000000,1.64493405607903109278,1.64493405535397352324
88000000,1.64493405630107569770,1.64493405548459015186
89000000,1.64493405652312030263,1.64493405561227135081
90000000,1.64493405674516490755,1.64493405573711526380
91000000,1.64493405696720951248,1.64493405585921537160
92000000,1.64493405718925411740,1.64493405597866115819
93000000,1.64493405741129872233,1.64493405609553833280
94000000,1.64493405763334332725,1.64493405620992860783
95000000,1.64493405783457502523,1.64493405632191058707
96000000,1.64493405783457502523,1.64493405643155976570
97000000,1.64493405783457502523,1.64493405653894808616
98000000,1.64493405783457502523,1.64493405664414482636
99000000,1.64493405783457502523,1.64493405674721637766
100000000,1.64493405783457502523,1.64493405684822646684
101000000,1.64493405783457502523,1.64493405694723637822
102000000,1.64493405783457502523,1.64493405704430495362
103000000,1.64493405783457502523,1.64493405713948859237
104000000,1.64493405783457502523,1.64493405723284191744
105000000,1.64493405783457502523,1.64493405732441688727
106000000,1.64493405783457502523,1.64493405741426412803
107000000,1.64493405783457502523,1.64493405750243204544
108000000,1.64493405783457502523,1.64493405758896726887
109000000,1.64493405783457502523,1.64493405767391442929
110000000,1.64493405783457502523,1.64493405775731726948
111000000,1.64493405783457502523,1.64493405783921753383
112000000,1.64493405783457502523,1.64493405791965496832
113000000,1.64493405783457502523,1.64493405799866887484
114000000,1.64493405783457502523,1.64493405807629655691
115000000,1.64493405783457502523,1.64493405815257420777
116000000,1.64493405783457502523,1.64493405822753668843
117000000,1.64493405783457502523,1.64493405830121797173
118000000,1.64493405783457502523,1.64493405837365025413
119000000,1.64493405783457502523,1.64493405844486506595
120000000,1.64493405783457502523,1.64493405851489304936
121000000,1.64493405783457502523,1.64493405858376373629
122000000,1.64493405783457502523,1.64493405865150510436
123000000,1.64493405783457502523,1.64493405871814513119
124000000,1.64493405783457502523,1.64493405878371024009
125000000,1.64493405783457502523,1.64493405884822641028
126000000,1.64493405783457502523,1.64493405891171851074
127000000,1.64493405783457502523,1.64493405897421074435
128000000,1.64493405783457502523,1.64493405903572642579
129000000,1.64493405783457502523,1.64493405909628842565
130000000,1.64493405783457502523,1.64493405915591872635
131000000,1.64493405783457502523,1.64493405921463864416
132000000,1.64493405783457502523,1.64493405927246882925
133000000,1.64493405783457502523,1.64493405932942948766
134000000,1.64493405783457502523,1.64493405938553993728
135000000,1.64493405783457502523,1.64493405944081905190
136000000,1.64493405783457502523,1.64493405949528526122
137000000,1.64493405783457502523,1.64493405954895632881
138000000,1.64493405783457502523,1.64493405960184957415
139000000,1.64493405783457502523,1.64493405965398187263
140000000,1.64493405783457502523,1.64493405970536921146
141000000,1.64493405783457502523,1.64493405975602779989
142000000,1.64493405783457502523,1.64493405980597295901
143000000,1.64493405783457502523,1.64493405985521934376
144000000,1.64493405783457502523,1.64493405990378205317
145000000,1.64493405783457502523,1.64493405995167463196
146000000,1.64493405783457502523,1.64493405999891129099
147000000,1.64493405783457502523,1.64493406004550535293
148000000,1.64493405783457502523,1.64493406009146969637
149000000,1.64493405783457502523,1.64493406013681697786
150000000,1.64493405783457502523,1.64493406018155985393
151000000,1.64493405783457502523,1.64493406022570987091
152000000,1.64493405783457502523,1.64493406026927901920
153000000,1.64493405783457502523,1.64493406031227862307
154000000,1.64493405783457502523,1.64493406035472000681
155000000,1.64493405783457502523,1.64493406039661360651
156000000,1.64493405783457502523,1.64493406043797008032
157000000,1.64493405783457502523,1.64493406047879964227
158000000,1.64493405783457502523,1.64493406051911250643
159000000,1.64493405783457502523,1.64493406055891822071
160000000,1.64493405783457502523,1.64493406059822633303
161000000,1.64493405783457502523,1.64493406063704639131
162000000,1.64493405783457502523,1.64493406067538683324
163000000,1.64493405783457502523,1.64493406071325720674
164000000,1.64493405783457502523,1.64493406075066550542
165000000,1.64493405783457502523,1.64493406078762038902
166000000,1.64493405783457502523,1.64493406082413007319
167000000,1.64493405783457502523,1.64493406086020255152
168000000,1.64493405783457502523,1.64493406089584537355
169000000,1.64493405783457502523,1.64493406093106675492
170000000,1.64493405783457502523,1.64493406096587357901
171000000,1.64493405783457502523,1.64493406100027317329
172000000,1.64493405783457502523,1.64493406103427286524
173000000,1.64493405783457502523,1.64493406106787953824
174000000,1.64493405783457502523,1.64493406110110007567
175000000,1.64493405783457502523,1.64493406113394069479
176000000,1.64493405783457502523,1.64493406116640827896
177000000,1.64493405783457502523,1.64493406119850882341
178000000,1.64493405783457502523,1.64493406123024898946
179000000,1.64493405783457502523,1.64493406126163432823
180000000,1.64493405783457502523,1.64493406129267083493
181000000,1.64493405783457502523,1.64493406132336450476
182000000,1.64493405783457502523,1.64493406135372088883
183000000,1.64493405783457502523,1.64493406138374553827
184000000,1.64493405783457502523,1.64493406141344378213
185000000,1.64493405783457502523,1.64493406144282094949
186000000,1.64493405783457502523,1.64493406147188236943
187000000,1.64493405783457502523,1.64493406150063292692
188000000,1.64493405783457502523,1.64493406152907750695
189000000,1.64493405783457502523,1.64493406155722121653
190000000,1.64493405783457502523,1.64493406158506849657
191000000,1.64493405783457502523,1.64493406161262423204
192000000,1.64493405783457502523,1.64493406163989308588
193000000,1.64493405783457502523,1.64493406166687927694
194000000,1.64493405783457502523,1.64493406169358724611
195000000,1.64493405783457502523,1.64493406172002121224
196000000,1.64493405783457502523,1.64493406174618561622
197000000,1.64493405783457502523,1.64493406177208423280
198000000,1.64493405783457502523,1.64493406179772128084
199000000,1.64493405783457502523,1.64493406182310075714
200000000,1.64493405783457502523,1.64493406184822643645
201000000,1.64493405783457502523,1.64493406187310209354
202000000,1.64493405783457502523,1.64493406189773128112
203000000,1.64493405783457502523,1.64493406192211799599
204000000,1.64493405783457502523,1.64493406194626556882
205000000,1.64493405783457502523,1.64493406197017755233
206000000,1.64493405783457502523,1.64493406199385749922
207000000,1.64493405783457502523,1.64493406201730851812
208000000,1.64493405783457502523,1.64493406204053416175
209000000,1.64493405783457502523,1.64493406206353731669
210000000,1.64493405783457502523,1.64493406208632175769
211000000,1.64493405783457502523,1.64493406210888992725
212000000,1.64493405783457502523,1.64493406213124537807
213000000,1.64493405783457502523,1.64493406215339077470
214000000,1.64493405783457502523,1.64493406217532922575
215000000,1.64493405783457502523,1.64493406219706361782
216000000,1.64493405783457502523,1.64493406221859683747
217000000,1.64493405783457502523,1.64493406223993154924
218000000,1.64493405783457502523,1.64493406226107041768
219000000,1.64493405783457502523,1.64493406228201632935
220000000,1.64493405783457502523,1.64493406230277194879
221000000,1.64493405783457502523,1.64493406232333949646
222000000,1.64493405783457502523,1.64493406234372185892
223000000,1.64493405783457502523,1.64493406236392147868
224000000,1.64493405783457502523,1.64493406238394079821
225000000,1.64493405783457502523,1.64493406240378203798
226000000,1.64493405783457502523,1.64493406242344764046
227000000,1.64493405783457502523,1.64493406244294004814
228000000,1.64493405783457502523,1.64493406246226148149
229000000,1.64493405783457502523,1.64493406248141416093
230000000,1.64493405783457502523,1.64493406250040030692
231000000,1.64493405783457502523,1.64493406251922213990
232000000,1.64493405783457502523,1.64493406253788165827
233000000,1.64493405783457502523,1.64493406255638086044
234000000,1.64493405783457502523,1.64493406257472218890
235000000,1.64493405783457502523,1.64493406259290719795
236000000,1.64493405783457502523,1.64493406261093833010
237000000,1.64493405783457502523,1.64493406262881713964
238000000,1.64493405783457502523,1.64493406264654584703
239000000,1.64493405783457502523,1.64493406266412600658
240000000,1.64493405783457502523,1.64493406268155983874
241000000,1.64493405783457502523,1.64493406269884889781
242000000,1.64493405783457502523,1.64493406271599496016
243000000,1.64493405783457502523,1.64493406273300002418
244000000,1.64493405783457502523,1.64493406274986586624
245000000,1.64493405783457502523,1.64493406276659381859
246000000,1.64493405783457502523,1.64493406278318565761
247000000,1.64493405783457502523,1.64493406279964338168
248000000,1.64493405783457502523,1.64493406281596832308
249000000,1.64493405783457502523,1.64493406283216225816
250000000,1.64493405783457502523,1.64493406284822651919
251000000,1.64493405783457502523,1.64493406286416266049
252000000,1.64493405783457502523,1.64493406287997245840
253000000,1.64493405783457502523,1.64493406289565724521
254000000,1.64493405783457502523,1.64493406291121857521
255000000,1.64493405783457502523,1.64493406292665778068
256000000,1.64493405783457502523,1.64493406294197641593
257000000,1.64493405783457502523,1.64493406295717581322
258000000,1.64493405783457502523,1.64493406297225752688
259000000,1.64493405783457502523,1.64493406298722244507
260000000,1.64493405783457502523,1.64493406300207256621
261000000,1.64493405783457502523,1.64493406301680877846
262000000,1.64493405783457502523,1.64493406303143241409
263000000,1.64493405783457502523,1.64493406304594502743
264000000,1.64493405783457502523,1.64493406306034772868
265000000,1.64493405783457502523,1.64493406307464140603
266000000,1.64493405783457502523,1.64493406308882783584
267000000,1.64493405783457502523,1.64493406310290812833
268000000,1.64493405783457502523,1.64493406311688317167
269000000,1.64493405783457502523,1.64493406313075429814
270000000,1.64493405783457502523,1.64493406314452261796
271000000,1.64493405783457502523,1.64493406315818946339
272000000,1.64493405783457502523,1.64493406317175572262
273000000,1.64493405783457502523,1.64493406318522272791
274000000,1.64493405783457502523,1.64493406319859136744
275000000,1.64493405783457502523,1.64493406321186275143
276000000,1.64493405783457502523,1.64493406322503799011
277000000,1.64493405783457502523,1.64493406323811819369
278000000,1.64493405783457502523,1.64493406325110402832
279000000,1.64493405783457502523,1.64493406326399704831
280000000,1.64493405783457502523,1.64493406327679791978
281000000,1.64493405783457502523,1.64493406328950753092
282000000,1.64493405783457502523,1.64493406330212721400
283000000,1.64493405783457502523,1.64493406331465741310
284000000,1.64493405783457502523,1.64493406332709968254
285000000,1.64493405783457502523,1.64493406333945446640
286000000,1.64493405783457502523,1.64493406335172287491
287000000,1.64493405783457502523,1.64493406336390579625
288000000,1.64493405783457502523,1.64493406337600411860
289000000,1.64493405783457502523,1.64493406338801873012
290000000,1.64493405783457502523,1.64493406339995051901
291000000,1.64493405783457502523,1.64493406341180037344
292000000,1.64493405783457502523,1.64493406342356895955
293000000,1.64493405783457502523,1.64493406343525716551
294000000,1.64493405783457502523,1.64493406344686587950
295000000,1.64493405783457502523,1.64493406345839598970
296000000,1.64493405783457502523,1.64493406346984794020
297000000,1.64493405783457502523,1.64493406348122306326
298000000,1.64493405783457502523,1.64493406349252180298
299000000,1.64493405783457502523,1.64493406350374482550
300000000,1.64493405783457502523,1.64493406351489301898
301000000,1.64493405783457502523,1.64493406352596727160
302000000,1.64493405783457502523,1.64493406353696802746
303000000,1.64493405783457502523,1.64493406354789639678
304000000,1.64493405783457502523,1.64493406355875282365
305000000,1.64493405783457502523,1.64493406356953797420
306000000,1.64493405783457502523,1.64493406358025251457
307000000,1.64493405783457502523,1.64493406359089733293
308000000,1.64493405783457502523,1.64493406360147309542
309000000,1.64493405783457502523,1.64493406361198046817
310000000,1.64493405783457502523,1.64493406362241989527
311000000,1.64493405783457502523,1.64493406363279226490
312000000,1.64493405783457502523,1.64493406364309824319
313000000,1.64493405783457502523,1.64493406365333827424
314000000,1.64493405783457502523,1.64493406366351302417
315000000,1.64493405783457502523,1.64493406367362315912
316000000,1.64493405783457502523,1.64493406368366934522
317000000,1.64493405783457502523,1.64493406369365224862
318000000,1.64493405783457502523,1.64493406370357231339
319000000,1.64493405783457502523,1.64493406371343020567
320000000,1.64493405783457502523,1.64493406372322636955
321000000,1.64493405783457502523,1.64493406373296169320
322000000,1.64493405783457502523,1.64493406374263639869
323000000,1.64493405783457502523,1.64493406375225115212
324000000,1.64493405783457502523,1.64493406376180661965
325000000,1.64493405783457502523,1.64493406377130324536
326000000,1.64493405783457502523,1.64493406378074169538
327000000,1.64493405783457502523,1.64493406379012241381
328000000,1.64493405783457502523,1.64493406379944584472
329000000,1.64493405783457502523,1.64493406380871265426
330000000,1.64493405783457502523,1.64493406381792328652
331000000,1.64493405783457502523,1.64493406382707840763
332000000,1.64493405783457502523,1.64493406383617823963
333000000,1.64493405783457502523,1.64493406384522344865
334000000,1.64493405783457502523,1.64493406385421447879
335000000,1.64493405783457502523,1.64493406386315177414
336000000,1.64493405783457502523,1.64493406387203600083
337000000,1.64493405783457502523,1.64493406388086738090
338000000,1.64493405783457502523,1.64493406388964658049
339000000,1.64493405783457502523,1.64493406389837382164
340000000,1.64493405783457502523,1.64493406390704999254
341000000,1.64493405783457502523,1.64493406391567509317
342000000,1.64493405783457502523,1.64493406392424978968