0.09365
0.01191
0.04314
-0.02424
-0.06240
0.17402
-0.00631
-0.03282
-0.01510
-0.01934
-0.00134
-0.04729
0.00186
-0.05553
-0.03988
0.01691
0.08309
0.00518
0.01067
-0.05333
-0.00897
-0.06717
0.07226
-0.02429
0.05517
0.03008
-0.02131
-0.06440
-0.10309
0.06477
-0.04573
0.12086
-0.04124
-0.09748
0.07319
0.03646
0.00223
-0.10198
0.11154
-0.01186
-0.03931
0.00163
-0.06457
0.04303
-0.05163
0.06878
0.05843
-0.04642
-0.11574
-0.00599
0.01567
0.08761
0.02484
0.07717
-0.04438
0.07407
-0.06015
0.03149
0.02036
-0.02754
-0.10392
-0.03417
-0.03924
-0.07385
-0.03369
-0.05402
-0.03076
-0.02874
0.04469
0.02225
0.00426
-0.01864
0.13289
-0.06882
-0.04860
-0.01597
-0.00562
0.04886
0.01883
0.07365
-0.05803
0.03283
-0.01882
0.04825
-0.04248
-0.07373
-0.07917
0.01167
-0.03770
-0.06444
0.01383
-0.00393
0.03138
0.01447
-0.07031
-0.12192
-0.03738
0.00870
0.01101
-0.03642
-0.08022
-0.01722
-0.07313
0.00065
0.02903
0.06905
0.02112
0.02385
-0.05026
0.06364
-0.02073
0.06035
-0.00147
0.02269
-0.00538
-0.01890
-0.05043
-0.06625
-0.02117
-0.04721
-0.04579
-0.00362
-0.04322
-0.05320
-0.02491
0.00742
0.02509
0.08010
-0.01495
0.01086
-0.03477
-0.12455
0.10712
-0.02626
-0.04641
0.20411
0.03612
-0.02210
0.02776
0.09174
0.07088
-0.03926
-0.02723
-0.01814
0.06998
-0.01201
0.01822
-0.00631
-0.00159
0.03550
-0.03424
-0.08306
-0.11365
-0.05814
0.01716
-0.04300
-0.03356
0.06809
-0.10635
-0.00416
0.05808
-0.09772
-0.04525
-0.01315
0.01168
-0.05246
-0.09693
-0.04892
0.05603
-0.00097
-0.01661
0.06476
-0.04063
0.04604
-0.03940
-0.00983
0.05771
-0.02848
-0.07953
-0.05482
0.02347
-0.00785
0.01165
-0.00424
0.01010
0.05519
-0.04849
-0.05349
-0.02897
0.08333
-0.07663
-0.02049
-0.02615
-0.06259
-0.02325
-0.02417
-0.06178
-0.03031
-0.01076
0.07383
0.02042
-0.03163
-0.01184
-0.04684
-0.17583
-0.05765
0.05036
0.01166
0.05544
-0.01525
-0.02796
-0.00619
0.08210
-0.10120
0.08499
0.06149
0.08780
0.09260
0.05190
-0.00795
-0.07091
-0.01457
-0.05407
0.03184
0.08553
-0.00618
0.06976
-0.01261
-0.03050
-0.02602
0.07202
-0.04052
0.10653
0.02859
0.05842
0.18697
-0.07463
0.13665
0.05052
-0.02093
0.00668
-0.00981
0.03274
0.00057
-0.07568
0.07467
0.01004
-0.08019
-0.06357
-0.03868
0.00985
-0.01155
-0.14396
-0.01082
0.11428
0.02744
-0.06518
-0.00423
0.02283
0.01481
0.02575
-0.10336
-0.00181
0.02070
-0.00856
-0.07359
-0.01573
-0.04270
-0.09292
0.03613
-0.07402
0.03123
0.06971
0.03191
0.03068
0.05435
-0.04234
0.00958
0.04176
-0.06556
-0.01742
0.02323
0.02951
0.02218
0.10530
0.03644
0.08524
-0.00196
0.10432
0.05498
-0.04064
-0.01856
0.09181
-0.01347
-0.05548
0.05007
-0.01860
-0.02605
-0.08281
0.05261
0.06798
0.05090
0.08688
0.04522
-0.08967
-0.01324
0.00187
0.02504
-0.00276
0.02679
0.04193
-0.10756
-0.11561
-0.04798
0.08883
-0.05725
-0.05324
-0.04811
0.05867
0.02417
-0.09276
0.06200
0.04130
-0.11399
-0.10664
-0.04921
0.04278
-0.01142
0.04230
0.05822
0.02369
-0.00914
-0.07923
-0.00243
0.10502
0.09333
-0.03951
-0.09948
-0.06884
0.02980
-0.01408
-0.06724
-0.08242
0.04246
-0.11683
-0.00237
-0.04235
-0.02113
-0.00704
-0.06536
-0.00904
-0.12503
-0.03511
0.04951
0.04831
-0.08109
-0.00207
-0.02890
-0.11962
0.00508
-0.06780
0.01954
0.09479
-0.05693
0.07865
-0.04758
0.04745
-0.01865
-0.04453
-0.01634
-0.02478
0.11127
0.10712
-0.02609
0.01212
-0.07299
-0.05274
0.04746
-0.00142
0.02541
-0.03520
-0.05689
0.01760
0.00358
0.02528
-0.00658
-0.07295
0.05193
-0.03856
0.00044
0.01164
0.02654
0.10176
0.00446
-0.01651
0.00612
-0.00806
-0.00511
-0.01201
0.00305
0.05276
0.05220
-0.01197
0.04714
0.02504
-0.04677
0.00554
0.06621
0.04995
-0.06116
-0.01747
0.03429
-0.05573
0.05512
0.00212
-0.04300
-0.10892
0.01915
0.04937
-0.00945
0.07500
-0.02950
-0.01511
0.01317
-0.02467
0.06506
-0.14652
-0.08524
0.00476
0.08180
0.00621
-0.05027
0.02099
0.02841
0.02729
-0.00954
0.05768
-0.05082
-0.07382
-0.10851
-0.02223
-0.05647
0.02507
-0.10980
-0.02494
0.02617
-0.04740
0.02712
-0.02232
0.12432
0.00447
0.00580
0.01027
-0.07672
-0.04280
-0.01470
0.01614
-0.00246
-0.00216
0.03237
0.00074
-0.07626
0.00900
-0.01900
-0.03960
-0.06390
0.02122
-0.00552
-0.05025
0.09039
0.04635
0.03498
-0.02182
-0.00403
-0.11896
-0.11315
0.06284
0.02389
0.02694
-0.02199
-0.02509
0.03278
-0.11537
0.02630
0.01362
0.06923
0.12288
-0.00224
0.00824
-0.01439
-0.02139
-0.03427
0.09409
0.09802
0.01731
0.01575
0.13053
0.00783
0.01595
0.01473
-0.02898
-0.03251
0.08810
-0.01237
-0.01611
-0.00194
0.06690
-0.04786
-0.01306
0.11352
0.02199
-0.07747
-0.02713
0.06277
-0.09809
-0.01033
-0.00030
0.10407
0.03718
-0.02100
0.00221
-0.07311
-0.01364
-0.03231
0.12349
-0.04754
0.03275
-0.01959
-0.12759
0.02567
0.01314
0.02843
0.00083
0.05828
0.03369
0.07198
0.02811
0.01842
0.02602
-0.00549
0.07821
-0.07437
0.11634
-0.04644
0.05952
-0.02685
0.01679
0.01074
-0.09098
-0.00759
0.00517
-0.06153
-0.01310
-0.00383
-0.03111
-0.02599
-0.01691
-0.04939
-0.13693
0.05873
-0.03593
-0.06265
0.04891
0.05025
0.04309
0.07699
-0.06562
0.01238
0.02277
-0.07034
-0.05374
-0.05469
0.00956
0.12010
0.06989
-0.01091
-0.07688
-0.02364
0.02914
-0.04918
-0.10507
-0.02011
0.01858
-0.00215
0.02178
0.00811
-0.04364
-0.03974
0.04574
-0.08895
-0.05639
0.02591
0.04689
-0.06578
-0.11175
0.09172
0.01718
-0.02126
-0.08492
0.03204
0.00440
-0.02599
0.07565
0.10038
-0.00658
-0.04852
0.01593
0.02793
0.07141
0.10878
0.03556
0.01830
-0.06131
-0.05189
0.05672
0.02594
-0.00463
0.07558
0.08295
0.01590
0.03131
0.06260
0.08919
0.02798
0.02916
-0.03450
0.10265
0.06721
0.01653
-0.00788
-0.00947
-0.06814
0.07833
0.09650
0.03080
-0.01685
0.05076
-0.12188
-0.02629
0.06220
0.11466
0.03568
0.04567
-0.02659
-0.03759
0.04221
0.07489
-0.05578
-0.00260
-0.10508
-0.10331
-0.02897
0.01556
-0.03696
-0.13018
-0.07121
-0.01963
-0.05196
0.02974
0.02215
-0.01695
0.02424
0.03685
0.06066
-0.06971
-0.00961
0.02917
0.00113
0.10652
0.01640
0.00536
0.04655
-0.00494
0.00116
0.02515
0.00965
-0.12891
-0.05495
0.01057
-0.01908
-0.05344
0.06776
-0.05482
0.10039
0.05849
-0.01948
0.01446
-0.04303
0.02562
0.09761
0.05602
0.07221
-0.05473
0.01963
-0.04923
0.00627
0.03104
0.04365
0.01782
-0.01247
0.02092
-0.03070
0.05509
0.03259
0.04237
-0.04121
0.04547
-0.01046
0.06032
0.08206
0.00088
-0.05368
0.08072
0.02195
-0.07999
0.00300
0.09193
-0.07233
-0.11535
-0.00765
0.01319
-0.00052
0.06880
-0.05876
0.03315
0.04519
0.03421
0.01536
-0.00206
-0.08272
0.11564
0.11517
0.07410
-0.04320
0.00815
0.00082
-0.05868
0.04515
0.09933
-0.00339
-0.00067
0.02391
0.02901
-0.14821
-0.01862
-0.00596
0.03463
0.01784
-0.03013
-0.15344
0.06993
0.13619
-0.02098
-0.02753
-0.01252
-0.02298
0.05697
-0.02533
-0.02158
0.03692
0.06548
0.03450
-0.02978
-0.14601
0.04808
0.10882
-0.00779
-0.05852
-0.01757
-0.00028
-0.04923
-0.00399
-0.00510
-0.08371
-0.04749
-0.01170
0.02441
-0.04158
0.00954
0.05756
-0.02120
-0.04197
0.08389
0.01897
0.04350
-0.01033
-0.11746
0.04729
0.12823
-0.03377
0.02118
-0.03159
0.01766
-0.02564
0.02799
0.13763
-0.04505
-0.01291
-0.01327
-0.01278
-0.07724
0.00361
-0.07065
0.02788
-0.07182
-0.15914
-0.00610
-0.01809
0.05820
0.00342
-0.01382
0.03032
0.04184
0.06620
0.02388
0.03413
0.07358
0.01330
-0.00766
0.04449
-0.01813
-0.00266
-0.05076
-0.01374
-0.05741
-0.11419
0.02340
-0.08684
-0.08420
0.02540
0.04081
0.07826
0.06302
-0.01227
0.02239
-0.01436
-0.01003
0.03031
-0.02253
0.09379
0.03847
-0.02460
-0.03404
-0.04684
-0.00799
-0.02923
0.05538
0.05615
-0.10012
0.04814
0.01289
0.00138
0.01418
0.02525
-0.06756
0.01450
-0.02202
0.12424
-0.03994
-0.09672
-0.06412
0.04529
0.07171
-0.02392
-0.05358
-0.06975
0.04256
-0.01096
-0.01854
0.04143
0.05114
0.07155
0.00067
-0.04402
-0.04158
-0.00534
0.06611
-0.04866
0.05406
-0.04503
-0.12791
0.14714
-0.02958
-0.01904
-0.03133
-0.06476
-0.05537
-0.04306
0.04450
-0.00325
0.08734
0.02278
0.05302
-0.08885
0.04124
-0.07417
0.01824
-0.01696
-0.02204
-0.02328
0.02901
-0.09111
-0.07643
-0.02826
0.06819
0.07790
0.02722
0.10037
-0.01216
0.03711
-0.03641
-0.04124
0.03225
-0.08303
-0.04568
0.08891
0.02249
0.08393
-0.03831
0.01123
0.06903
-0.04054
0.07213
-0.01586
0.04309
-0.03594
-0.01144
-0.01569
0.11979
-0.00387
0.09960
0.00542
-0.05223
0.01920
0.08482
-0.04460
0.03207
0.00139
0.04870
0.09232
0.07795
0.02976
0.02497
-0.02756
-0.06336
0.02757
-0.09100
0.08751
0.05896
0.03490
-0.16729
0.14023
-0.04917
-0.08129
-0.09516
-0.03279
-0.01489
0.06277
-0.03895
0.05987
0.00839
-0.01971
0.08973
-0.02230
0.03896
-0.11108
-0.09717
0.05913
0.05054
-0.02992
-0.02384
-0.04261
0.06617
0.10952
0.00180
-0.04137
-0.02961
-0.04723
-0.09648
0.06576
-0.03250
-0.02326
0.03457
-0.04376
-0.00204
0.02115
0.05720
-0.09567
0.06766
0.06671
0.01936
-0.08102
-0.02665
-0.03141
0.06714
-0.03520
-0.01977
-0.01181
0.06796
0.02039
-0.01212
0.08798
0.06456
0.07972
0.06403
0.11732
0.01461
0.02363
-0.02208
0.06638
0.01333
0.03315
-0.01424
0.04556
0.02375
0.07246
0.02276
0.00194
0.00127
-0.07466
-0.00415
-0.00563
0.06925
0.09121
0.02484
-0.03097
0.02631
0.06894
-0.00455
0.06344
0.05228
0.00638
0.10544
-0.00712
-0.00638
-0.02301
0.07027
0.03588
0.08271
0.03398
-0.02717
-0.04835
0.02397
-0.10941
0.09066
0.00213
0.09871
-0.03195
-0.05795
-0.13342
-0.02769
-0.00617
0.03053
-0.03589
0.05450
0.01020
0.03286
-0.00269
0.06899
0.03577
-0.14247
-0.01498
0.04312
-0.01836
0.03798
0.03184
0.01063
-0.05573
-0.02317
0.03867
-0.07125
-0.01207
-0.05808
0.11039
-0.03349
-0.00724
0.05159
-0.00736
0.01033
0.04994
0.05405
0.04576
-0.06391
0.00946
-0.09507
0.00263
-0.06499
0.05948
-0.02098
0.01867
-0.00549
-0.04722
-0.05016
0.04583
0.07705
-0.04185
-0.00723
0.00960
-0.02083
-0.04140
-0.03943
0.03396
-0.01987
-0.06028
0.06722
-0.05468
0.00320
0.03503
-0.00326
-0.08081
0.01156
0.09769
-0.00810
0.06835
0.01684
0.03312
-0.10502
0.03067
0.03232
-0.09992
-0.07120
0.02398
0.03377
-0.05037
-0.03743
0.08611
0.07230
-0.05847
0.11563
0.07746
-0.06474
-0.02924
-0.05085
-0.00158
0.01139
-0.00752
0.05456
0.05479
-0.02753
0.04650
0.06775
-0.13291
0.02026
0.02962
-0.05287
-0.10489
0.03180
0.11473
0.00297
-0.01735
0.00152
-0.09429
-0.02334
-0.07388
-0.04619
0.01231
0.05407
0.06979
-0.05513
-0.02726
0.00413
-0.05738
0.02755
0.08182
0.08634
-0.10169
-0.05839
-0.06179
-0.08291
-0.03939
-0.03748
0.01179
-0.05587
0.01861
-0.09569
0.08717
0.04941
-0.02180
0.02815
-0.03728
-0.07795
-0.02020
0.00572
-0.01444
0.10371
-0.04976
0.00743
-0.02551
-0.12834
-0.08835
0.03252
-0.00047
-0.09232
0.11871
0.05058
0.06428
0.04620
0.06506
-0.08994
-0.02290
0.02347
0.03870
-0.03333
-0.02380
0.01082
0.01504
0.02723
0.02061
-0.06056
-0.02485
0.10840
-0.03231
0.02191
-0.00618
0.02786
-0.01584
0.02800
0.00735
-0.00244
0.08594
0.07079
0.09378
-0.01723
-0.13108
-0.01001
0.02586
0.05889
0.03741
-0.03527
-0.01907
0.00748
-0.05028
-0.03313
0.02700
0.00356
-0.05406
-0.02311
0.00601
-0.01145
-0.04121
-0.10334
0.11142
-0.01673
-0.07966
0.02527
-0.05428
-0.07757
0.06410
-0.03763
-0.01847
-0.03122
-0.02833
-0.03210
-0.07904
-0.00234
0.09248
-0.07164
0.04679
0.03831
0.00004
0.01209
-0.05601
0.03581
0.07586
0.01719
-0.01369
-0.09350
-0.06670
0.00256
-0.06115
-0.05756
0.03826
0.05352
-0.07063
-0.06816
0.10081
-0.00318
0.00910
-0.00186
-0.11313
-0.07647
-0.03284
-0.09221
0.02761
-0.02749
0.01755
0.14527
0.02186
0.00671
-0.13854
0.09809
-0.03860
0.04417
-0.03846
0.04235
-0.03148
0.05175
0.02077
-0.02353
-0.07607
-0.02292
-0.02503
-0.05753
0.05912
0.01511
-0.02703
-0.08968
-0.05285
-0.00992
-0.03588
-0.02668
0.06430
0.00518
-0.04092
0.02462
0.01761
-0.01352
0.09011
-0.08168
0.05256
0.01863
0.00287
0.05515
0.02172
-0.00172
-0.02539
-0.01555
0.03505
-0.06044
-0.02290
-0.03251
-0.04378
0.08731
0.04108
-0.04006
-0.04871
-0.02308
0.06471
0.05030
0.02447
0.00199
-0.02852
-0.08584
-0.07030
0.03343
0.03269
0.03794
-0.02110
-0.05164
-0.00140
-0.03687
0.02227
-0.09676
0.00635
-0.01989
0.11886
-0.10245
-0.07207
-0.04266
-0.00113
-0.00647
0.09115
0.01135
-0.04841
0.14282
0.00453
0.09216
0.07254
-0.06321
0.00209
0.03224
-0.00915
-0.01025
-0.04023
0.06222
-0.00216
0.02353
0.00859
0.04100
-0.02006
-0.01299
0.10741
-0.02527
0.01241
-0.11453
-0.05686
0.02572
-0.08681
-0.03891
0.10385
0.01619
0.08026
-0.03550
-0.07373
-0.07200
0.01793
0.06717
-0.00123
-0.02005
0.00526
0.02397
-0.01127
0.10816
0.02754
-0.05806
-0.02508
0.01750
-0.03037
-0.04850
0.16995
-0.01837
0.05822
0.02129
-0.10315
0.00693
0.09562
-0.05236
0.03427
-0.04332
-0.00503
0.04263
0.03039
0.01226
0.03590
-0.01885
-0.02967
0.07217
-0.02103
-0.04145
-0.04526
-0.00362
0.04372
0.02405
0.03142
-0.11090
-0.05486
0.02505
0.11757
-0.03487
0.03895
0.01982
-0.18076
-0.04950
-0.03160
-0.05784
-0.07561
-0.07253
0.08673
-0.16448
0.09561
0.03887
0.05316
0.05969
0.05363
-0.07794
-0.07225
-0.02751
0.09996
-0.03283
-0.01253
0.03463
0.03350
0.03727
-0.04719
-0.00522
-0.12990
0.01217
-0.06620
-0.03939
-0.12950
0.07337
0.00253
0.03760
0.00682
-0.02737
-0.00776
0.04389
0.06898
-0.06330
-0.05448
0.05697
0.05454
0.01537
-0.02867
-0.02676
-0.05815
0.06880
0.02732
-0.06131
0.01885
0.00604
0.00121
0.09424
-0.06770
0.06035
-0.01446
0.02761
0.00350
0.09695
0.13602
0.06326
-0.02681
0.05966
-0.03300
-0.04500
-0.01153
-0.09918
0.05389
-0.02238
0.11782
-0.00235
0.07576
-0.00003
-0.01036
-0.11373
-0.00820
-0.06152
0.04052
-0.00550
-0.04756
-0.03989
0.03931
0.03901
-0.06890
0.04710
0.05913
-0.01431
0.06870
0.14049
-0.02552
0.02953
0.08338
-0.02597
-0.04119
0.05071
-0.00476
-0.02918
-0.02749
-0.06831
0.03902
0.03162
0.01011
0.01438
0.08464
-0.07388
-0.05090
0.07233
0.05178
0.01693
0.09130
-0.02100
-0.05316
0.08782
-0.01819
-0.00428
0.01803
-0.05623
-0.01086
0.02268
-0.03111
-0.05276
0.01889
0.01601
-0.10023
-0.04301
-0.00037
0.02285
-0.02964
-0.10345
0.05736
0.05691
0.04286
0.03686
0.02138
0.01278
-0.02108
-0.05012
-0.00062
0.02188
0.07505
0.01134
0.03992
0.01577
-0.01474
-0.04584
-0.03531
-0.02437
0.10256
0.04001
0.03157
0.00955
-0.10061
0.02978
-0.13252
0.00702
0.11947
0.09072
-0.05594
-0.07218
-0.06689
0.01254
-0.08185
0.00329
-0.06964
-0.00911
-0.02542
0.04713
0.07417
-0.03320
0.12545
0.01802
-0.04080
0.01625
0.07696
-0.03931
-0.04509
-0.05147
-0.06157
0.15268
0.00674
-0.03625
-0.00625
-0.12052
0.10240
-0.01918
-0.04876
0.03176
0.03271
-0.00999
-0.10788
-0.08007
-0.07146
0.05808
-0.04140
0.04281
-0.02945
0.00268
0.03203
-0.11201
0.04391
-0.00984
-0.00653
0.01530
-0.02501
-0.08748
-0.04891
0.14550
0.02637
-0.00177
-0.04161
0.01842
-0.07000
-0.02681
0.06269
0.04346
0.00012
-0.04213
0.00771
0.00079
-0.06689
-0.02710
0.08736
0.16000
-0.02999
-0.08578
0.07366
0.12698
-0.06631
0.04070
-0.00225
0.06204
-0.07334
-0.03246
0.02492
-0.05759
-0.06719
0.02388
-0.01553
-0.12212
0.01100
-0.06739
-0.02823
-0.06229
-0.07083
-0.00046
0.04564
0.06429
0.04559
0.05325
-0.05714
-0.07090
-0.09638
0.01628
-0.00126
0.00676
0.02372
-0.10750
0.00955
-0.08803
0.03140
0.02887
-0.04233
-0.05969
-0.02175
-0.05075
0.05207
0.09128
0.02192
0.04184
0.11046
0.04591
0.05282
0.11585
0.07567
0.01743
0.06601
-0.03629
-0.01982
0.03624
0.05513
0.09691
-0.00939
-0.05616
0.09976
0.09687
0.09271
-0.04496
-0.00286
-0.03049
-0.02394
-0.09125
-0.04947
0.00297
0.00759
0.01487
-0.05854
-0.00200
-0.12615
0.00117
-0.08385
0.02952
-0.06621
-0.06885
0.05929
-0.04974
0.00060
-0.01498
0.00735
-0.01986
-0.05234
-0.05582
0.03477
0.13594
0.05672
-0.04232
-0.02055
-0.03128
0.03716
0.00213
0.00115
0.02162
0.07676
-0.05760
0.03046
0.03750
-0.02400
-0.06723
-0.08988
-0.02448
-0.03365
0.06468
-0.01595
-0.00408
0.02075
0.03029
0.00398
-0.01343
-0.01415
0.02538
0.07096
-0.00646
-0.00662
0.05447
-0.07812
-0.12675
0.01443
0.00921
-0.01193
0.02533
0.12346
-0.05707
0.07288
0.01514
-0.03948
-0.00299
0.09608
-0.03342
-0.00345
-0.04061
0.04342
0.07150
-0.00770
-0.02564
-0.02661
-0.10338
-0.02578
-0.01460
0.01068
0.01193
-0.08684
-0.03010
0.04933
-0.04003
-0.08628
0.01569
0.07448
0.01904
-0.04408
-0.00608
0.01409
-0.01001
-0.01689
0.09172
0.05112
0.06447
0.05478
-0.08487
0.02525
0.03121
0.02166
-0.00744
0.03562
0.01865
0.07351
-0.00381
0.02409
-0.01101
-0.04545
0.05621
0.07707
-0.03784
-0.02965
0.06952
-0.00764
-0.01733
0.05727
0.03557
0.00002
-0.02196
0.02363
-0.01795
-0.05429
0.01554
-0.05880
-0.11303
-0.03531
0.00079
-0.01720
-0.08589
0.02736
-0.04763
0.07002
0.05309
-0.16222
0.02330
-0.06250
0.00921
-0.06650
-0.06825
-0.05577
-0.02379
0.05780
0.08751
-0.00785
0.12014
-0.00667
-0.08059
0.00651
-0.16169
-0.00268
0.05980
-0.06723
0.01431
0.00098
0.04412
0.01238
0.06895
-0.02972
0.06647
-0.04074
-0.03452
0.04412
-0.01373
0.12001
-0.05027
-0.00991
-0.05388
-0.07300
0.08260
0.11164
0.05769
0.05959
-0.00561
-0.03345
-0.01758
0.05500
0.02222
-0.00917
0.02242
-0.08346
0.02924
-0.02297
0.02769
-0.00602
-0.00215
-0.00231
-0.02662
-0.02874
-0.02951
0.01806
-0.00336
-0.03858
-0.09891
0.13265
-0.03978
-0.07579
0.03450
0.04738
0.05485
-0.10751
0.13390
-0.04859
0.02573
-0.00266
-0.03318
-0.06238
-0.13000
0.05504
-0.02958
-0.00321
-0.06444
-0.10818
-0.02956
-0.04137
0.04892
-0.10008
-0.06800
0.00682
-0.09763
-0.02404
0.02106
0.07067
-0.01788
-0.02574
-0.02689
-0.05035
-0.03653
-0.01007
0.00257
0.02249
-0.01952
0.00872
-0.01955
-0.09815
0.00864
0.04635
0.06805
-0.05286
-0.05588
0.03747
-0.03754
0.03931
0.11724
0.00480
0.01809
0.04709
0.00282
-0.00919
-0.02970
0.00521
0.01299
0.03872
0.12114
-0.02998
0.00489
0.00208
0.01915
0.03668
0.01636
0.03822
0.05921
0.05748
-0.10428
0.02650
-0.00539
0.05941
0.02864
-0.02253
0.06680
-0.05662
0.04518
0.05236
-0.05862
-0.01159
-0.03810
0.05322
0.04828
-0.07000
-0.04839
-0.04123
-0.01151
-0.06098
-0.01139
0.00093
-0.06033
-0.01954
-0.04242
-0.09502
-0.05336
-0.06702
0.07735
-0.00333
-0.09571
0.05435
-0.04895
-0.01944
-0.12100
-0.04748
0.03072
0.06230
-0.04363
0.12988
0.01976
-0.10093
-0.05917
0.10198
-0.01876
0.04991
-0.00150
-0.00129
0.08355
-0.02402
0.06683
0.02886
-0.03245
0.08678
0.08266
0.00870
0.04613
0.08470
0.01459
-0.01163
-0.06198
-0.09860
-0.02438
0.03892
-0.06256
0.05339
0.02638
0.07396
0.02152
0.06686
0.03962
0.05281
-0.11029
-0.17961
0.12758
-0.03337
0.01522
0.02878
-0.06915
-0.01952
-0.05334
-0.08007
-0.05826
-0.12340
-0.02524
-0.00213
-0.05268
-0.02144
0.03312
0.00240
-0.03468
0.03371
-0.01347
0.04485
-0.06627
0.03519
0.08127
0.07806
-0.06013
-0.07437
-0.06784
0.01495
-0.09672
-0.02608
0.00437
-0.05577
-0.09574
-0.03990
0.03370
0.02158
-0.05582
-0.02607
0.05327
-0.03726
0.06030
0.06154
0.01203
-0.09851
0.01892
0.00070
-0.06634
0.04640
-0.00256
0.03564
0.02144
-0.02454
-0.02148
0.05356
0.07421
-0.02305
-0.05670
-0.02204
-0.17069
0.00734
-0.01673
-0.00254
0.04157
-0.05220
0.01770
0.04277
-0.01685
-0.03817
-0.05851
-0.01007
-0.04557
-0.02603
0.07109
0.02209
0.01968
0.04788
0.00470
-0.04175
-0.02174
-0.06612
-0.11081
0.02296
0.03373
0.01401
-0.04495
-0.01258
0.01750
0.07448
-0.04875
-0.07688
0.06666
0.11465
0.10043
0.08883
0.02009
-0.00120
0.03972
0.02450
-0.04404
-0.04685
0.02572
0.00443
0.08116
-0.11249
-0.01434
-0.09131
0.01050
0.03137
-0.06526
-0.02487
-0.03945
-0.09335
-0.09114
0.05369
0.00803
0.01354
0.05046
-0.00233
0.00342
0.01903
0.01233
-0.04447
0.02390
-0.09496
0.09578
0.08390
-0.03949
0.03532
0.03732
0.01752
-0.05113
0.02151
-0.00468
-0.00539
-0.01122
0.05573
0.04854
0.02059
-0.05216
0.03671
0.08675
0.17918
0.06983
0.06794
-0.01871
-0.03997
-0.00314
0.04359
0.06717
0.03230
0.03675
0.03234
-0.07472
-0.06737
-0.07894
-0.08066
-0.01776
-0.19401
0.02653
0.14304
0.06857
0.06629
-0.02060
0.02844
-0.00112
0.01602
-0.04712
-0.07661
0.00764
0.03357
0.04244
-0.05340
-0.04349
0.06130
-0.01606
-0.08597
-0.07726
0.05006
0.03176
0.12539
0.05224
-0.02038
0.01919
0.01500
0.03395
-0.00156
-0.02517
0.01802
0.00342
0.04278
-0.00102
0.00005
0.02906
-0.06268
0.00407
0.04577
-0.07635
0.11294
0.03183
0.07172
0.01883
0.01275
-0.03405
-0.05492
-0.02273
0.09908
0.04926
0.02863
-0.02185
0.03032
0.05284
0.02755
-0.06481
-0.01880
0.03417
0.05148
-0.05291
0.06461
0.08136
-0.02548
-0.01148
0.04371
-0.03548
0.07066
0.04685
0.04670
-0.01120
-0.01879
-0.03154
0.06126
0.04094
-0.00314
0.03993
-0.05240
0.04907
0.06712
0.04662
-0.03128
0.08519
-0.07521
0.04964
-0.04797
0.05986
-0.01893
0.00992
0.06957
0.04341
0.03895
0.03501
0.04508
-0.04700
0.01719
0.04807
-0.06050
-0.04821
-0.04951
-0.02567
0.05788
-0.04386
0.01895
0.01801
-0.09963
-0.01968
0.00577
0.16592
0.01649
-0.17873
0.02734
-0.04631
-0.01110
-0.00768
-0.05591
0.09831
0.01883
-0.03372
0.07644
-0.02593
0.01299
-0.00564
0.01343
-0.01254
-0.04974
-0.04670
0.04159
-0.05108
-0.04422
0.00002
-0.00656
0.07088
-0.10869
-0.09801
0.03499
0.04892
0.00689
0.03035
-0.09022
0.06011
-0.05663
-0.13769
-0.03593
-0.05903
0.00308
-0.01515
-0.04688
-0.03743
0.03212
-0.09604
0.03635
-0.07838
-0.01359
-0.00442
0.03440
-0.00455
-0.01859
-0.03109
0.02457
-0.01395
-0.13313
-0.02811
-0.04507
0.00947
-0.03325
-0.06424
0.00577
0.14840
0.03460
-0.01233
0.08034
0.05503
0.04996
0.03130
-0.04018
-0.12685
-0.07821
-0.01804
-0.12026
-0.03606
-0.12534
-0.05500
0.01426
-0.03123
-0.10134
-0.10177
-0.06353
0.01744
-0.03588
0.01989
-0.01412
0.05175
-0.00172
0.05078
0.04630
-0.03460
0.04154
-0.08844
-0.03376
-0.01618
-0.03901
0.03073
-0.01341
0.07410
-0.04478
-0.07396
-0.01986
0.03996
-0.02344
-0.06532
-0.01909
0.05552
-0.04194
0.00812
-0.01908
0.02182
-0.06778
-0.08026
0.02418
0.08039
0.13706
-0.02628
-0.01441
0.05060
0.08025
0.05220
-0.01394
0.00354
-0.04337
-0.04919
0.01131
0.00688
-0.02005
-0.06314
0.01618
0.05652
0.04206
-0.11413
0.02138
0.02048
0.01851
0.02164
-0.01012
0.01857
0.00084
0.00739
-0.05416
-0.09190
-0.01651
0.03596
-0.01483
0.00353
0.05999
-0.04928
-0.06028
-0.00246
-0.02926
-0.02932
0.02564
0.08817
-0.00016
0.03188
-0.06025
-0.04697
0.04365
0.03755
0.05333
-0.02546
-0.01412
-0.05338
-0.02397
-0.00184
-0.01826
0.02692
0.04143
0.01197
-0.01434
-0.00435
-0.04166
0.06133
0.03129
0.09152
-0.04746
-0.01434
0.07855
-0.02112
0.01211
0.03660
-0.00529
-0.03303
0.09826
-0.00022
0.03323
-0.05885
-0.04178
-0.10356
0.05292
-0.10871
0.03988
-0.01749
0.08063
0.01249
-0.06205
0.07491
0.02720
0.04274
-0.00023
0.10059
0.00085
-0.03766
0.03746
-0.04374
-0.02840
0.03972
0.05069
-0.00417
0.11280
0.06912
0.01290
-0.00647
-0.05242
0.04083
0.08463
0.07396
0.05483
0.03056
0.05943
-0.05469
0.06750
-0.07742
0.07166
-0.00232
0.04167
0.11012
0.01392
-0.04309
0.03729
0.05331
0.16726
0.04286
0.06251
0.01389
0.07367
0.15666
0.01100
0.04728
-0.01784
-0.06255
0.03157
0.02871
-0.02430
-0.05548
-0.11320
-0.01989
-0.03236
-0.04673
-0.04003
0.07207
0.05241
-0.00505
0.00194
-0.04511
-0.07342
-0.00169
-0.08813
-0.04040
0.09927
-0.00757
0.04513
0.03418
0.10576
-0.00166
-0.01012
0.00716
-0.01374
0.01056
0.08299
-0.00560
0.03039
-0.00017
0.04677
0.05298
0.05323
-0.01572
0.01569
0.08882
0.08714
-0.01769
-0.05925
-0.00641
-0.06003
0.02548
0.06773
0.03063
-0.07646
0.00420
0.00765
0.14290
0.04121
-0.01199
0.06399
0.05100
-0.03161
-0.01568
0.08879
-0.01839
0.03112
0.01604
0.05705
0.02173
0.01487
0.05114
-0.04136
-0.00369
-0.02476
-0.03875
-0.09557
0.02534
0.04634
-0.10721
-0.05933
0.01414
0.03905
-0.07894
-0.05349
-0.01607
0.10757
0.02295
0.01298
0.02607
0.03050
0.02417
-0.02675
-0.04614
-0.03350
0.05725
-0.05084
0.02806
-0.08152
-0.06427
0.02257
-0.08417
0.02922
-0.14946
-0.01684
0.06158
-0.03489
0.08576
0.00807
-0.01512
0.05670
-0.05684
0.08793
-0.02394
0.03285
-0.06641
0.06618
-0.02609
0.04633
0.07485
0.02535
-0.02585
0.00816
0.15137
-0.01205
-0.02036
0.09152
-0.00636
0.07717
0.03482
-0.07008
-0.03476
-0.04805
0.03083
0.03823
-0.05858
-0.03043
0.13974
0.08955
-0.21225
0.02194
-0.06623
-0.07224
0.00101
0.06976
-0.01667
-0.02903
0.00501
-0.03417
-0.06222
-0.06068
0.02760
0.00786
0.08302
-0.18834
-0.07832
0.07279
-0.00163
0.01192
-0.02692
-0.00114
-0.00084
-0.00025
-0.08825
0.10573
0.01191
-0.15907
0.02442
-0.07556
-0.02150
0.00820
0.04750
0.11183
0.06030
0.01347
0.05310
-0.05913
-0.04884
-0.02676
0.09378
0.00673
-0.06195
0.05754
0.00338
0.11124
-0.01868
0.01579
-0.00283
0.06573
0.05014
0.04643
0.05621
-0.03379
-0.03168
0.03440
-0.01478
0.00608
-0.08540
0.04649
-0.00992
0.10758
0.13516
0.08536
-0.06614
-0.00474
0.03901
-0.07272
-0.01835
0.04918
0.04374
0.00102
0.07621
0.04339
-0.08827
0.00021
-0.06643
0.09289
0.10299
-0.00114
-0.10394
-0.03093
-0.08670
-0.07477
-0.01645
0.03181
-0.01778
-0.05683
-0.06777
-0.04654
0.00159
0.20147
-0.06115
0.02313
0.03188
-0.06180
0.02830
0.03592
0.02797
-0.09725
0.06270
0.04529
0.06978
0.08364
0.02236
0.00765
-0.02825
-0.01771
-0.01644
-0.05783
-0.06384
0.12494
0.07111
0.02070
-0.00310
0.04580
0.10222
0.02816
0.01300
0.00441
-0.13539
0.10870
-0.00729
0.07330
-0.06887
-0.09580
0.03297
0.09035
-0.05318
-0.05030
0.12029
0.05198
-0.14796
0.07539
-0.02708
0.01677
0.04486
-0.01077
0.02777
0.04221
-0.01244
-0.03810
-0.08759
-0.08416
-0.09611
-0.03847
-0.05644
-0.01184
0.01432
-0.01625
-0.04097
-0.02865
-0.06704
0.06734
0.12877
-0.02619
-0.01704
0.04862
-0.04772
0.10569
0.06205
-0.00739
0.03114
0.04717
0.00133
-0.01251
-0.02620
0.01722
-0.07673
-0.05445
-0.03638
0.01100
-0.04504
-0.01297
-0.05150
0.06020
-0.07070
0.08508
0.04329
0.03846
0.00478
0.06924
-0.07183
-0.12712
-0.06305
0.02121
0.03446
-0.01799
0.04758
-0.10292
-0.10788
-0.12694
-0.00769
0.01323
0.00903
-0.01431
-0.00844
-0.01482
0.00743
0.07228
-0.03767
-0.02981
-0.01078
-0.03198
0.04047
-0.10927
-0.06483
0.08634
-0.04844
-0.04188
0.01362
0.01781
0.01797
-0.01482
0.03335
-0.04584
0.02975
-0.01655
0.12365
0.05510
-0.01682
0.08233
0.09476
-0.00972
0.09914
-0.06489
0.00398
0.04789
-0.07602
-0.06953
0.00836
-0.02298
-0.00112
-0.04710
0.01615
-0.01043
-0.05090
0.03578
0.04730
-0.06647
0.03598
-0.06775
0.03835
-0.03818
-0.00056
-0.04202
-0.01397
-0.01532
-0.06027
0.01774
0.03992
0.06168
0.01707
-0.03622
0.09161
-0.06038
-0.03331
0.13925
0.04521
0.02351
0.01620
-0.03019
0.03213
0.02310
0.04963
-0.12812
-0.00472
-0.01617
-0.10931
-0.03098
0.03634
-0.05848
0.02742
0.06490
0.12038
-0.09403
0.05289
-0.06856
-0.05685
0.03465
0.00197
0.05697
-0.06941
0.01469
0.10935
-0.09873
0.01826
-0.02368
-0.01058
0.02410
0.09868
0.02943
0.10396
0.08437
0.01204
0.03414
-0.07522
-0.05518
-0.03386
-0.03664
0.01619
0.05374
-0.06157
0.00788
0.03048
0.00346
-0.00513
0.03477
0.02343
0.01515
0.04163
-0.03970
0.00166
0.04508
0.05468
-0.07109
-0.00878
0.03496
0.00523
0.00888
-0.01983
0.05348
-0.03748
0.06755
-0.07460
-0.00652
0.01444
-0.03915
0.05946
0.04094
-0.00667
0.00998
0.03514
0.04246
-0.04907
-0.03680
-0.02043
-0.02364
0.12304
0.04322
-0.00240
0.09241
-0.03398
-0.01980
-0.02179
0.02134
-0.07424
0.00051
-0.05983
0.06346
-0.08862
0.04965
-0.05766
-0.02267
-0.06474
-0.05290
0.01252
0.06885
-0.05375
0.00610
-0.09624
-0.00679
-0.01670
0.00559
0.00265
0.00032
0.06295
0.01763
0.05921
-0.07978
0.09196
-0.04261
-0.02358
0.06309
-0.04072
-0.06149
0.01148
0.02114
0.00049
0.05551
0.03999
0.07775
0.00560
0.03140
0.11821
-0.05184
0.01207
-0.03156
0.14783
0.07049
-0.04089
0.00553
0.02231
0.04346
0.08466
0.07303
-0.08408
-0.02548
-0.00412
0.01934
-0.02401
-0.02703
-0.01899
0.05385
0.08017
0.04706
-0.01193
-0.06093
-0.08218
-0.02923
-0.01793
0.02712
-0.01361
-0.01082
0.02336
0.06376
-0.10510
0.07120
0.05449
0.04147
-0.06721
-0.03000
-0.05360
0.05819
0.07325
0.05090
0.05118
0.02352
0.05899
0.03366
-0.01931
-0.01627
-0.03440
-0.00901
0.07071
0.12238
0.05128
-0.01987
-0.12721
0.02184
-0.02857
0.07175
-0.08012
0.01519
-0.02668
0.01451
0.01633
-0.01819
-0.02414
-0.03294
-0.08364
-0.00384
0.02174
-0.04032
0.04881
0.01170
0.00088
0.04059
-0.01652
-0.07952
-0.04215
0.01618
0.03832
0.01874
-0.04688
0.01085
0.03051
-0.07070
-0.02184
0.05111
-0.03168
-0.00559
0.06021
-0.06000
0.12181
-0.02997
0.09935
0.07161
-0.01932
0.03262
0.02662
-0.00953
0.06119
0.00292
0.01189
-0.01599
-0.06603
0.07144
-0.10933
0.13079
0.00386
0.08293
0.01302
-0.05880
-0.00064
-0.03211
0.07028
0.04521
-0.00275
0.12360
-0.00939
-0.00169
0.05491
-0.02887
0.06646
0.08242
0.00874
-0.01777
-0.07390
0.00341
-0.01462
0.09418
0.01315
-0.05000
0.07729
-0.02280
-0.08621
0.07541
-0.04499
-0.02008
0.01943
-0.09483
0.04857
-0.03026
0.13599
0.01587
0.07148
0.06361
-0.02727
-0.00543
-0.00543
0.02232
-0.01590
0.06360
0.05043
0.01384
-0.04807
0.08731
0.01190
-0.13637
0.08036
-0.09792
-0.01475
-0.06304
0.00070
0.08705
-0.00072
-0.03922
-0.00898
0.06459
-0.06833
0.03688
-0.03038
0.07701
0.07417
-0.05892
-0.04143
0.09333
0.04241
-0.04293
-0.07926
-0.05384
0.03692
-0.06376
-0.00926
0.00015
-0.02564
0.00668
0.01898
-0.05283
0.00952
-0.08359
0.02227
-0.02976
-0.00775
-0.01692
-0.00093
0.04958
0.04746
0.02172
-0.07620
-0.07262
-0.03741
0.04168
0.11982
-0.04239
0.04015
-0.08138
0.02216
-0.06035
-0.06246
0.00382
-0.09396
-0.03450
-0.02770
-0.01883
-0.05686
0.05307
0.03296
0.06048
0.01030
0.02636
0.06240
0.02132
0.00841
-0.10634
0.01629
0.00568
0.02229
0.00024
0.03401
-0.02699
-0.10731
0.13740
0.05685
0.03543
-0.04291
0.02193
-0.03989
0.00019
-0.00467
0.00265
0.03664
-0.01858
-0.00583
0.05522
0.07041
0.06611
-0.00806
-0.10935
0.00744
-0.01298
0.08349
0.00976
-0.06880
0.12445
-0.02149
-0.07360
0.00528
-0.00076
0.08933
-0.01579
0.00522
-0.02641
0.03969
0.09928
-0.09891
0.06788
0.06655
-0.00879
0.12528
0.04986
-0.23621
0.01724
-0.04961
0.01797
-0.08283
0.04294
-0.04777
0.05362
0.07970
0.04515
0.02432
0.00130
-0.02463
0.02434
-0.05484
-0.04204
0.07382
0.02456
0.04641
0.01557
-0.02403
-0.00102
0.00071
0.06752
0.00725
0.04643
0.07812
0.01485
0.01466
-0.04213
-0.06787
-0.08068
0.03493
-0.04339
0.02941
0.02250
-0.01609
0.00572
0.00837
-0.03689
0.09149
-0.00219
0.08319
-0.00160
-0.02047
0.04250
0.05035
0.05373
0.00208
0.06395
0.00200
0.01970
0.03134
-0.00058
-0.00199
-0.01737
0.01798
-0.02085
-0.07036
0.00406
-0.06357
0.00661
0.04828
0.00873
-0.10147
-0.06043
0.03070
-0.00913
0.02874
0.16686
0.12592
-0.00803
0.02227
0.14851
-0.02497
0.02537
-0.05528
-0.06991
0.01486
0.04680
0.00020
0.01608
0.05483
-0.01465
0.03527
0.05128
0.02947
0.01331
0.07078
0.03167
0.10234
0.09915
-0.00082
-0.09488
-0.06911
0.03840
0.02991
0.01795
-0.05925
-0.10496
-0.03780
-0.01235
-0.08259
-0.06124
0.03354
-0.00113
-0.06960
0.06257
0.00812
0.02675
-0.04287
0.09540
-0.08424
0.15634
0.01786
0.02810
-0.09497
-0.05519
-0.03275
-0.08804
0.05575
0.04786
-0.08124
0.06721
-0.05565
0.03590
0.05027
0.01414
-0.02055
-0.05352
0.05277
-0.00936
0.13057
-0.04969
0.07143
0.06768
-0.05587
0.02937
0.19464
-0.02698
-0.11164
0.05285
-0.02097
-0.02896
-0.06987
0.05106
0.04985
-0.05796
-0.02998
0.09063
0.04455
0.01662
-0.17972
-0.06945
0.04325
0.06105
0.00622
-0.04755
0.00840
0.05147
-0.03318
0.02612
-0.05789
-0.03943
-0.05801
0.08416
-0.01045
0.02622
-0.06471
-0.04307
0.00336
0.02392
0.06748
0.06904
0.02722
0.01957
0.12660
0.05572
0.02688
0.06366
0.03691
-0.02669
-0.07673
0.10472
-0.04318
0.01115
-0.05154
-0.08913
-0.09255
-0.03709
0.13109
-0.08493
-0.02038
-0.07005
0.04527
0.02461
-0.00814
-0.05585
-0.03549
0.13438
-0.03963
-0.00373
0.07249
0.01806
0.08997
0.02424
-0.02749
0.00545
0.03553
-0.01799
-0.07671
-0.01484
-0.00456
-0.03050
-0.02703
-0.04685
-0.00968
-0.05653
0.10348
-0.00597
-0.07082
-0.03217
-0.10187
-0.01528
-0.03545
-0.00554
0.04311
0.00622
0.03224
-0.10053
-0.01804
0.11218
-0.02493
-0.02538
-0.01994
-0.05542
-0.00171
0.00031
0.00029
-0.00453
0.13780
-0.05412
0.02103
0.02801
0.11599
0.14508
-0.03385
0.08712
0.01519
0.07688
-0.02593
-0.03890
0.01304
0.03973
0.03804
0.05293
-0.02071
-0.06254
0.03875
0.01348
0.11468
-0.09819
-0.00928
0.02735
0.06188
-0.08912
0.10583
-0.03157
-0.01348
-0.04251
-0.02486
0.00097
-0.08528
0.01769
0.04235
-0.16093
0.18987
-0.07056
0.06319
-0.07283
0.04161
-0.03441
0.11481
0.02792
0.05292
0.10915
0.10776
-0.00739
-0.02926
0.01952
-0.01529
0.04504
0.08343
-0.03098
0.08884
-0.02681
0.03445
-0.02673
-0.06202
0.00799
0.05289
0.02475
-0.01922
0.16557
0.00773
0.00431
0.01519
0.07154
0.03790
0.01689
0.08724
0.05843
-0.05386
-0.00869
-0.04123
0.02750
-0.03308
-0.00056
-0.09731
0.08936
-0.03339
0.02073
-0.04189
0.06650
-0.02066
-0.02277
-0.11995
-0.01526
0.01812
0.06483
-0.09283
-0.04439
-0.02412
0.01296
-0.02412
0.01014
-0.02529
0.01460
0.02928
-0.00178
-0.07974
-0.09896
0.00326
0.00773
-0.05203
-0.03868
-0.00424
0.01344
-0.03775
0.02799
-0.04527
0.05452
-0.03182
-0.00230
0.05607
-0.03836
-0.00897
-0.10385
0.06882
-0.01095
-0.07762
0.01380
0.10271
0.00665
-0.00906
-0.10155
-0.03186
-0.05622
0.07653
0.00493
-0.07755
0.02946
-0.08208
0.00711
-0.00972
0.02150
-0.03026
0.01612
-0.01977
0.03177
-0.09624
-0.02972
0.00281
-0.07252
-0.01374
-0.05370
0.04952
0.09491
-0.08105
0.04498
0.03775
0.00482
-0.07711
-0.02448
0.03584
0.04309
-0.07125
0.06943
-0.07015
-0.03810
0.01120
-0.05727
-0.07816
-0.01840
-0.09232
-0.01148
-0.02190
-0.08500
0.06489
0.04917
-0.05229
-0.01217
-0.10491
-0.02404
-0.05090
0.00526
-0.00826
0.03287
-0.00793
0.01179
-0.00894
-0.00952
-0.04371
-0.06362
0.03430
-0.00244
0.07003
0.06121
0.09128
-0.05821
-0.10222
0.04265
-0.05300
-0.06485
0.03416
-0.00814
-0.06255
0.03568
0.01750
0.05145
0.05765
0.01197
-0.03936
-0.05017
-0.12992
-0.00937
-0.03439
-0.03168
0.08278
0.03518
0.09688
-0.01560
0.00373
0.11071
-0.17305
0.05789
-0.02029
-0.01317
0.00966
-0.03977
-0.02780
0.04604
0.02542
-0.00800
-0.02246
0.01147
-0.04559
-0.02503
0.00130
-0.00917
0.04143
0.01299
-0.03922
0.00111
0.01807
0.06249
-0.04312
0.00736
-0.02857
0.08758
-0.06951
0.05675
-0.03228
0.06592
-0.04309
-0.00096
-0.09577
-0.01773
0.03339
0.03117
0.08141
0.08830
-0.04354
-0.03835
-0.01039
0.02751
-0.05386
-0.05052
-0.04857
0.07794
-0.06629
0.02357
0.03580
-0.17021
0.01460
-0.01061
0.06048
0.00600
0.05499
-0.02469
0.12152
0.08219
-0.05529
0.04167
-0.01934
0.07536
-0.07739
-0.06992
0.05418
-0.08121
0.01835
0.03764
-0.08509
0.06785
-0.01094
-0.07385
0.09140
0.01581
0.11154
-0.08332
-0.05952
-0.05881
0.06111
0.05834
-0.00159
-0.03491
0.00524
0.02238
0.02817
-0.07257
-0.08134
-0.00446
-0.00358
0.09861
0.05320
-0.10139
-0.05910
-0.04662
-0.09725
-0.08115
0.03171
0.00474
-0.02114
-0.04147
0.00667
0.00130
-0.02226
0.04242
0.00827
-0.01558
-0.08822
-0.03279
-0.03283
0.04932
-0.03948
0.06561
0.06876
0.00214
-0.00300
-0.03440
0.00801
0.02116
-0.00132
-0.04590
0.07416
0.08276
0.05829
-0.05059
0.10696
-0.01545
-0.06190
0.01708
-0.00743
0.14151
0.04479
-0.01728
0.03470
-0.08415
0.01175
0.07989
-0.01595
0.00547
-0.00116
-0.03586
-0.01090
0.05119
-0.02173
0.09018
0.03167
-0.04913
-0.02501
0.04381
-0.06609
0.00599
0.15400
-0.04478
-0.12514
-0.03252
-0.03933
-0.05323
0.01765
-0.02102
-0.09039
0.02702
0.02893
0.02868
0.06295
-0.06530
0.01624
0.05810
-0.05706
0.04364
-0.06382
-0.20944
0.00148
-0.05314
-0.06766
-0.06246
0.05600
-0.05911
0.11767
-0.01576
-0.01161
0.00795
0.13436
0.01840
-0.05230
0.12127
-0.03148
-0.03645
0.09542
-0.12744
-0.02162
0.05832
-0.00879
-0.15735
0.02527
-0.00312
0.01492
-0.11533
-0.07451
0.00619
-0.07968
-0.08701
0.04694
0.02311
-0.03042
0.06339
0.06325
-0.02892
-0.04583
0.01788
-0.02704
-0.02783
0.00472
-0.04148
-0.03906
-0.00022
0.02852
-0.01544
-0.08972
-0.00311
0.03060
0.00353
-0.07388
0.01959
0.04839
-0.06261
-0.09039
0.07304
0.09603
0.03076
-0.00272
0.03042
0.00226
-0.01111
0.05157
0.06613
-0.00696
-0.01476
0.02381
-0.01399
-0.00991
-0.02557
0.03923
-0.03253
0.00817
-0.04093
-0.02639
0.05683
-0.04600
-0.08821
0.03361
0.08732
-0.00537
-0.00112
0.09240
0.09546
0.03746
-0.08930
0.01250
0.06372
-0.06992
-0.08532
-0.02081
0.04283
-0.12102
0.00186
0.00296
-0.03152
0.00491
-0.03407
-0.07748
0.05464
0.14572
0.04849
0.01527
0.11288
0.11817
-0.08343
0.08390
-0.08969
0.01761
-0.06604
-0.08659
-0.05673
-0.00888
0.01883
-0.05412
0.07714
-0.14376
-0.03680
-0.07752
-0.03267
0.01895
-0.09522
-0.06143
0.04189
-0.08583
0.05079
-0.03601
0.07185
-0.01163
-0.04400
-0.07032
-0.00576
-0.02737
0.05281
0.01723
0.10366
-0.07527
-0.06953
0.06707
0.06735
-0.06350
0.08720
0.02109
-0.00661
-0.05692
-0.00061
-0.03727
-0.03942
0.09092
-0.04427
0.02069
-0.02277
0.03367
-0.01194
-0.08911
-0.15370
-0.04393
-0.00825
-0.11917
-0.12084
-0.07050
-0.03763
-0.08147
-0.03253
-0.01352
0.05629
0.05118
0.08242
-0.09515
-0.15453
-0.08306
0.01366
0.00496
-0.05694
0.00529
-0.00273
-0.00022
0.08444
-0.01387
0.04193
-0.12453
-0.05411
0.06780
-0.05494
-0.04954
-0.09054
0.02697
0.05032
0.05120
0.01091
-0.03202
0.02540
-0.01555
0.03470
0.02924
-0.00876
-0.06710
-0.03809
-0.00639
-0.00252
0.07166
-0.09705
-0.12494
-0.00292
-0.03299
-0.02733
-0.02876
0.01031
-0.00723
0.00405
-0.03893
-0.04270
-0.01054
-0.02350
0.01154
0.01473
-0.10697
-0.00843
-0.02708
0.04299
0.11937
-0.12654
-0.07887
0.00965
0.12061
0.02165
0.02743
0.03557
0.00116
-0.02812
0.03335
0.03465
-0.11341
-0.07917
-0.00849
-0.01163
0.01238
-0.03250
-0.04556
0.01642
-0.02570
-0.02913
-0.03871
0.11281
-0.00835
-0.00874
-0.03372
0.05364
-0.03520
0.01194
0.02275
-0.09994
-0.00694
0.07917
0.02961
0.07887
0.10505
0.02047
0.01804
-0.12179
-0.02570
-0.01326
0.07155
0.00865
-0.04992
-0.01758
0.03087
0.03429
-0.03880
0.11766
0.00904
0.02191
-0.07455
-0.01125
-0.05068
-0.00948
0.03836
-0.01891
0.02304
-0.01709
-0.02396
-0.05411
0.02189
0.03065
0.07089
-0.03461
-0.06037
0.08245
-0.02309
-0.01193
-0.01262
0.06351
0.02356
0.06615
0.02026
0.04799
0.00241
-0.01465
0.03988
-0.03544
-0.03698
-0.00070
0.07948
-0.01324
0.01604
0.00997
-0.11277
0.01979
-0.09724
0.08289
-0.09117
0.04835
-0.05382
0.04893
0.05897
-0.08403
-0.13250
0.01490
0.05720
0.03190
-0.00525
0.04086
-0.06019
0.01722
0.01137
0.07138
0.09112
0.04463
0.17902
-0.03552
0.08533
-0.01466
0.01410
0.00416
0.10813
0.14553
0.02698
-0.05967
-0.05795
-0.08193
0.02699
0.05338
0.05211
0.06156
0.02358
-0.02973
-0.04625
-0.00925
-0.02004
-0.06191
0.09043
-0.12091
-0.11752
0.08787
0.05516
0.01575
-0.10902
0.02867
0.01989
-0.11005
-0.00890
0.03040
0.03317
-0.00545
-0.03219
0.07713
-0.16296
-0.00048
-0.01405
0.09112
-0.04212
-0.01074
0.00204
-0.00569
0.02865
0.02073
0.04390
-0.05197
-0.01384
0.00075
0.05480
-0.01414
-0.06431
0.07267
-0.01087
-0.03868
-0.01379
0.00558
-0.04908
0.00014
-0.15258
0.00993
-0.02992
0.08636
0.03071
-0.01533
-0.01529
-0.01376
-0.03927
0.06183
0.01242
-0.01307
0.01234
-0.06217
-0.06355
0.06753
0.02165
0.06904
0.07817
-0.06803
-0.01232
0.03867
0.08260
0.02557
-0.04013
-0.01396
0.01334
0.02984
-0.09073
-0.00798
-0.03257
0.05720
0.00576
-0.01362
-0.02122
0.10332
-0.03934
-0.01391
0.00530
0.05755
-0.03694
-0.11939
-0.00330
0.01702
0.06620
0.05948
0.05510
0.06900
-0.03457
0.06280
0.10046
-0.02242
-0.03528
-0.07037
-0.02875
-0.05226
0.04663
0.03526
0.08420
-0.00857
-0.02420
-0.02763
0.01398
0.03473
-0.10979
0.06820
0.00631
0.00541
-0.02252
-0.05508
0.05572
-0.03684
0.03752
-0.00915
-0.03735
0.07965
-0.03551
-0.09754
0.04834
0.04249
-0.08105
0.03791
0.00657
-0.01249
-0.09046
-0.08359
0.08204
0.09651
0.00800
-0.04453
0.06945
0.03993
-0.05225
0.06676
0.02847
0.03358
0.14686
0.05633
0.01079
-0.07875
-0.10104
-0.04668
0.11329
-0.02690
-0.12107
-0.05468
0.03329
-0.06161
-0.03935
0.04926
0.04669
0.04921
-0.08336
0.09726
-0.10933
0.06776
-0.00124
0.01045
0.05089
0.09768
-0.00830
0.03079
0.03092
-0.05809
-0.05582
-0.13614
0.03803
0.02920
0.02695
-0.00830
-0.06206
0.01178
0.02384
-0.00548
0.01864
-0.03014
-0.02261
-0.01714
0.09931
0.01692
-0.08550
0.06308
-0.04264
-0.00020
0.01369
-0.01691
-0.12870
0.02239
0.00325
-0.05640
-0.10804
0.10446
0.02095
-0.07201
0.07354
0.01107
0.01543
0.02957
0.04789
-0.03105
0.01499
-0.00492
0.03892
-0.00628
-0.00805
-0.13391
0.02000
0.01551
0.01049
0.08180
0.00479
0.00111
-0.02579
0.09784
-0.07155
0.01249
0.05633
0.00340
-0.01910
0.06524
0.01795
0.12352
0.00180
-0.09746
-0.05825
0.11388
0.02482
0.07322
-0.05664
0.04484
-0.01293
0.01607
-0.02080
0.01107
-0.03344
-0.13200
-0.12019
-0.02863
-0.08872
0.02665
0.07514
-0.01683
-0.05818
0.05263
0.09764
0.05082
-0.11335
0.04505
-0.03505
0.01012
-0.02123
-0.01071
0.03624
-0.04725
-0.00364
-0.00404
-0.08597
0.05058
0.00365
0.09442
-0.10547
0.03858
-0.02416
-0.12081
-0.01579
0.03105
-0.04570
-0.00127
-0.00012
0.08435
-0.02879
-0.13567
-0.00293
-0.08289
0.00940
0.01913
-0.00532
0.07769
0.07804
-0.01460
-0.02906
0.00970
-0.07979
0.02736
-0.03327
-0.03558
0.00771
-0.01797
0.02651
0.02687
-0.03877
-0.05831
-0.03375
0.02407
0.03773
-0.02153
0.00009
0.09767
-0.09694
0.07964
0.01654
0.00390
-0.06423
0.06255
0.00886
-0.03109
-0.01528
-0.02589
-0.03213
0.01843
-0.00868
-0.00431
0.03344
0.00041
-0.04007
0.01348
-0.01129
0.13615
0.00250
-0.02213
0.01136
-0.06246
0.09558
-0.04718
0.13035
0.02859
0.05043
-0.03940
-0.11969
0.00759
0.01699
0.03710
0.04214
-0.01588
-0.02822
-0.07220
0.01584
-0.01150
0.01646
-0.06045
0.01847
0.01338
-0.00013
0.02722
0.05662
-0.08365
0.00551
-0.05931
-0.00927
-0.00018
-0.03970
0.01946
-0.00611
-0.02684
0.00524
-0.02425
0.02169
-0.09182
-0.02907
0.04068
-0.04074
0.05861
0.01381
-0.00897
0.03109
0.13973
-0.05183
0.07474
0.05206
0.07980
0.02847
-0.01373
-0.05574
-0.04232
-0.09255
-0.05461
0.10824
0.00363
0.05112
-0.03106
-0.08587
0.07574
-0.04936
-0.00713
0.07055
0.01737
-0.06490
-0.00354
0.02032
-0.07910
-0.05467
-0.10505
-0.06653
0.05181
-0.02723
0.04847
0.01873
0.00436
-0.01310
0.01662
0.01624
0.09243
0.08095
0.02207
-0.00511
-0.00520
0.02966
0.04563
-0.01247
-0.06334
-0.06852
-0.01359
-0.05585
0.11763
-0.01232
-0.05331
-0.01819
0.02645
-0.00878
0.07423
-0.05714
0.03688
-0.07469
0.03465
-0.02266
0.02712
0.10556
-0.03120
-0.06413
0.05403
-0.01288
0.07070
0.04545
0.01964
0.05228
0.01557
0.05283
-0.03156
-0.07528
0.05825
0.03717
-0.01434
-0.00260
0.11415
0.05192
0.05932
-0.05360
0.09434
-0.06442
-0.06877
0.05224
-0.01629
0.04055
0.00126
-0.05817
-0.01972
-0.03213
-0.04253
-0.02154
-0.03025
-0.00034
-0.00057
0.07359
-0.05930
0.04458
-0.00521
-0.03309
-0.01291
0.04299
-0.01004
-0.00814
0.00675
-0.04347
0.03659
0.03664
-0.03785
0.00221
0.07450
0.05483
-0.04227
-0.00156
0.01505
0.02583
-0.03783
-0.03311
0.02733
-0.06876
0.12177
0.01574
-0.00406
0.15460
-0.00067
-0.01443
-0.06583
-0.11090
0.02932
-0.11101
0.04905
0.07212
0.05294
0.08546
-0.02677
-0.04869
0.03306
-0.01267
0.01425
0.05556
-0.03604
0.05390
-0.08158
-0.05611
0.02632
0.01763
0.03090
0.06555
-0.01904
0.01566
-0.03909
-0.06978
0.01306
-0.06162
-0.05860
-0.03497
0.03816
-0.08621
-0.00433
0.06263
0.02221
0.07527
-0.06302
0.02389
-0.10054
0.04119
0.10662
-0.08197
-0.01069
0.06054
-0.04309
0.02170
-0.05888
0.02908
0.01129
-0.01781
-0.03479
-0.05581
0.11111
-0.01918
-0.12027
0.00756
-0.03148
0.00033
0.06585
-0.10704
0.11743
0.04300
0.07810
-0.02055
-0.03149
0.02895
0.08550
0.07754
0.02236
-0.07275
-0.02014
-0.05291
-0.06260
0.06962
0.05314
0.01905
0.07248
-0.01774
0.07055
0.04108
0.06263
-0.01734
-0.01344
0.12614
0.04433
0.03399
0.09687
-0.06769
0.09087
0.01041
0.03711
-0.05299
-0.01483
0.14942
-0.00259
-0.03806
-0.03362
0.09495
0.01628
-0.05833
0.00885
0.09352
0.08569
-0.00369
-0.06681
-0.02106
-0.04448
-0.05069
-0.08955
-0.09591
-0.07412
-0.00991
-0.01143
0.03684
-0.08922
0.06772
0.03948
0.08723
0.03082
0.01807
0.02856
-0.10697
-0.07272
0.07318
-0.03841
-0.07503
-0.00320
-0.07108
0.02434
0.07457
0.06338
-0.03441
0.03050
-0.11809
-0.01217
-0.09440
0.10417
0.03555
0.03524
-0.07565
0.04788
0.06905
0.01107
0.04857
-0.09532
-0.01265
0.01659
-0.03168
-0.02144
-0.02536
0.08058
0.06660
0.12352
-0.08524
0.02931
0.01827
-0.06020
-0.01060
-0.00711
-0.02099
0.02741
-0.03103
-0.03919
0.00176
0.05181
0.00751
-0.08417
0.11676
0.08575
-0.07588
0.00988
-0.06690
0.03863
0.08650
0.01875
0.03967
0.05222
-0.10181
0.08910
-0.06591
-0.06654
0.10411
-0.05223
0.00052
-0.05276
-0.09643
0.00934
0.12545
-0.07198
-0.08723
-0.09171
-0.06147
-0.03931
0.12611
0.02151
-0.05758
0.03506
0.06692
-0.05422
-0.00297
-0.02753
-0.02836
0.04633
-0.05033
0.06071
0.00888
-0.05485
-0.02815
0.02839
-0.01778
0.00590
0.07310
-0.07245
0.02150
0.02730
0.07587
-0.00653
-0.01393
0.08327
0.03598
-0.08206
-0.01129
0.04051
0.04580
-0.00671
-0.02950
-0.04056
0.00306
0.01058
-0.05560
0.08952
0.00884
0.00661
-0.02306
0.02078
-0.03505
-0.03611
0.10089
0.03032
0.00923
0.02874
0.06470
0.01156
0.00772
0.05896
0.05030
-0.06942
0.05273
-0.04072
0.02575
0.00027
0.04856
-0.02490
-0.01921
0.02394
-0.00281
-0.04340
-0.02040
0.02559
-0.07537
-0.02379
0.01046
0.00922
0.05154
0.01457
-0.04819
-0.02058
-0.11078
0.09391
-0.12438
-0.01462
0.14333
-0.06416
-0.04341
-0.06928
-0.00517
-0.00820
-0.08978
-0.04897
0.04558
-0.02410
0.08269
-0.00316
-0.02458
-0.02210
0.00467
0.02711
-0.00146
-0.00548
-0.00147
-0.00227
-0.06228
0.00073
0.10400
0.01432
-0.02550
0.12622
0.11390
0.04053
-0.05385
0.03812
-0.01844
0.03768
-0.00322
-0.03673
-0.07849
0.04426
-0.05435
0.01634
-0.01742
-0.02779
0.05450
-0.08817
-0.04704
-0.05198
0.01287
0.04406
0.00564
0.00269
0.03077
-0.08745
0.02899
-0.04207
-0.05480
0.00795
0.00389
0.02940
0.00824
0.07137
-0.02588
-0.00204
-0.07493
-0.04642
0.06619
0.01732
-0.01501
-0.01691
0.06098
-0.02818
-0.07728
0.05418
-0.08500
-0.03757
-0.02665
-0.03544
0.04846
-0.02253
0.08808
-0.00917
0.03925
-0.01399
-0.03640
0.04909
-0.01240
0.05905
0.04768
0.02864
0.03586
-0.03497
0.06403
0.03310
-0.07368
-0.01428
0.10067
0.05709
-0.05223
0.07949
-0.11106
-0.09358
-0.03228
0.04688
0.01624
-0.05997
-0.07449
-0.04720
-0.08107
-0.13763
0.00494
-0.05741
-0.00269
0.00680
-0.00436
0.04841
-0.07041
0.01348
0.06449
0.00105
0.09321
-0.07476
0.00666
0.00690
-0.01821
0.04860
0.02618
0.02548
0.02314
-0.03746
0.06142
-0.02685
-0.06305
-0.02375
-0.04588
-0.11661
-0.09426
0.11484
-0.04216
0.00768
-0.06449
0.03889
-0.03828
0.00979
-0.02876
-0.08044
-0.01267
0.06836
-0.02084
0.03346
0.00181
0.07778
0.00198
0.01975
-0.03631
-0.02812
-0.04636
-0.06904
0.03721
0.03803
0.02508
-0.04876
-0.00200
-0.05458
-0.00919
-0.00607
-0.15420
-0.11170
0.00546
-0.09005
0.04601
-0.09934
-0.06691
-0.00188
-0.00048
0.07690
0.01540
-0.04132
0.02223
0.02038
-0.08118
0.06063
-0.09187
-0.08005
0.01463
-0.04402
-0.09587
0.03099
-0.02838
0.02529
-0.03896
-0.06881
0.01755
-0.04633
-0.03665
0.02518
0.01086
-0.05166
0.07543
0.09777
0.03630
-0.01637
-0.01534
-0.02211
0.06573
-0.08546
-0.09897
-0.01248
0.02165
0.08449
0.10022
0.04113
0.02494
-0.10233
0.00554
-0.03919
0.07387
-0.01312
0.01660
-0.02626
0.02535
0.01613
0.07930
-0.00830
-0.02175
-0.01788
0.03561
-0.04810
-0.04898
-0.02069
-0.05454
-0.05149
-0.00758
-0.01073
0.12259
-0.02849
-0.01930
-0.00450
-0.13088
0.17799
0.02533
0.03440
-0.00312
-0.01133
-0.01899
-0.06779
0.06126
0.07978
-0.07893
0.09313
-0.06601
0.07404
-0.01485
0.03720
0.05563
-0.05275
-0.08852
-0.06775
0.05407
0.08209
-0.01375
0.05042
-0.03698
0.03228
-0.11131
0.05761
0.02935
-0.04654
0.03445
0.06208
0.04472
-0.00655
-0.04199
-0.01967
-0.00153
-0.00700
-0.13685
-0.05735
-0.03059
-0.00562
-0.01534
-0.08301
0.06489
0.02990
0.02676
0.04373
0.02651
0.00601
0.02528
0.02618
-0.04499
0.01664
0.09489
0.01558
0.04964
0.01605
0.01273
0.06708
0.00777
0.00155
-0.00337
-0.05567
-0.05622
-0.10373
-0.02709
0.17424
0.05690
-0.01274
-0.02849
-0.03834
0.09542
0.00955
-0.07923
0.02323
0.02980
0.07952
0.10789
0.04236
-0.04806
0.01837
-0.01778
0.08120
0.06389
-0.04813
-0.01471
-0.05369
-0.04959
-0.00548
-0.00451
0.01664
0.03670
0.06762
-0.02636
0.19398
0.01722
-0.04925
-0.01566
0.03294
0.03088
-0.17779
0.03892
0.04271
-0.00685
0.01444
0.01408
0.01564
0.04019
0.01777
-0.01039
-0.00032
0.02724
-0.06761
0.08148
0.04085
0.01129
0.03252
0.00686
-0.05324
0.01131
0.01487
0.03605
-0.02106
0.00368
0.06033
0.07155
0.05258
-0.01262
-0.05576
0.10208
-0.08531
-0.01018
0.07447
0.01080
-0.04879
-0.02659
0.07529
-0.06204
0.02544
-0.04353
-0.08128
-0.09481
0.10693
-0.05460
-0.03163
0.09984
0.03163
0.03453
0.08441
0.08882
-0.02898
0.01493
-0.10610
-0.07133
-0.00420
0.04679
-0.00653
0.03176
0.04912
-0.07037
0.04061
-0.04474
-0.01561
0.02713
0.01294
-0.09607
-0.03832
-0.06894
0.03296
0.02922
-0.01326
-0.02295
0.04277
0.01094
-0.04106
0.05475
-0.03765
-0.10281
0.06114
0.00148
0.02683
0.04465
-0.09119
0.06371
-0.03826
-0.01957
-0.00193
-0.05825
-0.05694
0.02093
-0.07999
-0.03019
-0.04532
0.01056
0.00945
-0.01896
-0.02096
0.07619
-0.00575
-0.06776
0.00790
-0.00369
-0.00560
0.02290
-0.12278
0.07068
0.02851
-0.03799
0.05131
0.02522
0.00465
-0.08629
-0.03905
0.01940
-0.07641
0.10742
-0.02105
-0.07695
-0.01819
0.05238
-0.05424
-0.01074
-0.02210
0.03054
-0.03381
-0.01294
-0.03453
-0.10023
0.03268
-0.06111
0.03973
-0.02628
0.00820
-0.04006
-0.04534
-0.00008
0.11996
0.05082
-0.11674
-0.08151
-0.07730
-0.00008
0.00984
0.08463
-0.05440
0.02817
-0.00592
-0.01005
-0.06500
0.00095
0.02028
0.02999
-0.09368
0.02478
-0.01280
0.02359
-0.00409
0.02516
-0.06418
-0.06865
-0.01373
0.00559
0.01503
0.02578
0.02541
-0.00929
-0.06470
-0.02781
0.08430
-0.09246
-0.05652
-0.06332
0.01680
0.00043
0.03136
-0.00910
0.05772
0.05861
0.06180
-0.03056
0.06482
0.00701
0.01947
-0.02455
-0.01532
-0.07164
-0.07643
-0.04320
0.00779
0.06201
-0.10493
0.03278
0.03492
-0.06299
0.02033
0.01712
0.01930
0.06341
0.01997
-0.06356
0.05526
0.06868
0.14384
-0.00178
0.10700
-0.07555
0.01959
0.00062
-0.03788
0.05134
-0.01681
0.07961
-0.09243
0.05824
0.03651
-0.01839
-0.03429
-0.09553
0.00922
0.01668
-0.02864
0.05269
0.01415
0.02518
0.04974
0.09614
-0.03701
0.00178
-0.09964
-0.04330
-0.21154
-0.00943
0.03042
-0.01650
0.01949
0.02266
0.06338
0.06389
-0.04891
-0.01773
-0.02950
-0.02061
-0.02048
0.01732
-0.04609
-0.03173
-0.00993
-0.11565
0.01528
-0.05799
0.02344
0.00192
-0.08773
0.03987
-0.03365
-0.04415
0.04027
-0.02108
-0.00312
-0.09101
-0.03942
-0.04014
-0.08299
-0.02826
-0.02165
-0.09434
-0.05786
0.03641
0.05678
0.06018
0.06119
-0.03305
-0.07958
-0.05928
0.00774
0.02387
-0.02310
-0.08528
-0.03166
0.01407
-0.13055
0.00978
-0.08619
0.05076
0.03433
-0.07161
-0.05122
-0.01672
-0.08913
-0.13664
-0.09212
-0.00605
0.00521
-0.08435
-0.00023
0.03201
0.11576
-0.06899
0.15391
-0.05346
-0.03194
0.01997
-0.02135
-0.03710
-0.07598
-0.01798
-0.02310
-0.06446
0.06803
-0.03786
-0.00481
-0.00404
-0.16617
0.01648
-0.10190
-0.04394
0.06661
0.00426
0.02600
0.00837
-0.04656
-0.01790
0.07919
0.03032
-0.00766
0.01465
-0.00513
-0.02596
0.10314
0.06287
-0.00116
-0.00981
-0.00760
0.03618
-0.00499
-0.05003
0.10133
-0.01820
0.07148
-0.01721
-0.05995
0.04748
0.12849
0.01597
0.01240
-0.06726
-0.09420
0.10821
0.05644
0.04117
-0.01723
0.02404
-0.00332
0.00859
0.00524
0.01454
0.10274
-0.05885
-0.01855
0.01917
-0.01532
0.03750
0.04129
0.01377
0.01074
0.01821
-0.06461
0.01207
0.00761
-0.11393
-0.10513
0.12044
-0.00267
-0.02717
0.00691
-0.02188
-0.06279
0.03306
-0.01847
0.08532
-0.04454
-0.08455
-0.03327
0.12047
-0.01581
-0.02091
0.02554
-0.02124
-0.05933
0.03077
-0.00570
0.17817
-0.02335
-0.02722
0.01156
0.04669
-0.04240
-0.03292
-0.09553
0.05632
-0.01983
0.02626
0.00085
0.05810
0.06893
-0.07590
-0.11573
0.05007
-0.01458
0.01413
-0.02962
0.02229
-0.07365
0.03577
-0.12312
-0.02051
0.05551
-0.13834
-0.11442
0.08055
0.02881
0.05873
0.10396
0.04833
0.09642
-0.01806
0.13335
0.10838
-0.02225
-0.04471
-0.04270
-0.04548
0.08736
-0.05339
-0.04702
0.01622
-0.11096
0.02301
-0.02459
0.04096
0.03669
0.01377
-0.00456
0.04734
0.04748
0.08028
0.04860
0.00793
-0.03105
0.02910
-0.03553
-0.08323
0.04389
0.01608
0.09235
-0.00698
0.09928
0.00005
0.07738
-0.03967
0.05984
0.11633
-0.06373
0.03523
-0.05091
-0.06463
-0.03458
0.00979
0.05588
0.06972
0.03943
0.03494
-0.00430
-0.01536
-0.03236
-0.01603
0.01284
0.09352
-0.00025
-0.05259
0.05804
0.00712
0.03277
-0.01448
0.03389
-0.01394
0.12241
-0.10230
0.03202
-0.02849
-0.04471
0.10827
-0.00785
0.02537
0.00442
-0.01277
0.04539
-0.00716
0.06907
0.01190
-0.01593
-0.02799
-0.03726
-0.02436
-0.01214
-0.09423
-0.01996
0.08133
-0.00764
0.02219
0.00405
-0.00818
0.08414
0.04723
-0.06351
-0.05601
-0.01530
-0.02548
0.02698
-0.01047
-0.01630
0.01431
-0.02915
0.00687
0.00843
0.02810
-0.00110
0.00887
0.02191
0.06726
0.02901
0.01814
0.06456
-0.03633
-0.00320
-0.02132
-0.08762
0.06226
0.02167
0.02931
0.04258
-0.03706
-0.08831
-0.06757
0.14159
0.06040
0.10689
0.01021
-0.09072
0.02814
0.01566
0.08792
0.05323
0.00314
-0.04356
0.03683
0.01180
-0.09485
0.12263
0.07576
-0.01791
-0.05404
0.02048
0.02139
-0.05531
-0.01137
0.04584
0.06828
0.06171
-0.04833
-0.06865
0.01967
-0.07618
0.04508
-0.07100
0.00669
0.00527
-0.01744
-0.00016
0.11392
-0.02562
-0.01535
-0.00651
-0.05118
0.10942
0.06538
0.02811
-0.04466
0.02640
-0.11432
0.03196
-0.12350
0.04754
0.06438
-0.04358
-0.09384
-0.04779
0.04087
0.04634
0.04453
0.02684
0.00197
0.03421
-0.06518
0.07838
0.02296
0.04938
0.04984
0.01280
0.05304
0.02994
0.09394
0.05359
-0.03674
0.03272
0.03616
0.12775
-0.08110
0.01899
0.06625
0.09483
-0.07598
-0.01045
-0.03447
0.10140
-0.08599
-0.03156
-0.02114
-0.05774
-0.00383
-0.10886
0.02857
0.07529
0.00795
0.08909
-0.00217
0.00407
0.02269
0.04995
-0.02574
0.04914
0.12414
0.05245
-0.10134
-0.01463
-0.01169
-0.09913
0.07923
-0.03951
0.06046
0.01141
-0.05602
-0.02167
0.07466
0.04015
0.01669
0.01032
0.10654
-0.09431
-0.00373
0.11839
0.04452
-0.05298
-0.03540
0.00584
-0.02657
-0.02193
-0.01137
-0.01256
0.03867
0.05493
0.10743
0.04130
0.07099
-0.09011
0.02217
0.09705
0.09213
-0.01192
-0.05290
0.14796
0.08370
0.00756
0.04458
-0.01825
-0.00760
0.08829
0.01469
0.05640
0.10455
0.01472
-0.01659
0.09111
-0.07100
0.00100
-0.01539
-0.00914
-0.02132
-0.02005
0.01029
0.00762
0.06515
0.04739
0.02088
-0.06486
-0.00099
0.05389
-0.04744
0.03195
0.02168
0.02244
-0.03834
-0.00611
0.02034
0.00559
-0.06569
0.02308
-0.04064
0.04230
0.04117
0.04706
-0.04366
-0.02628
0.07606
-0.00816
0.00055
-0.05918
0.00078
0.00741
0.03171
-0.09859
-0.02751
0.10544
-0.07195
-0.07641
0.05225
-0.00224
0.00362
-0.03076
-0.02191
0.04317
-0.04509
-0.00001
-0.06402
-0.06817
-0.09556
-0.03853
0.03785
-0.03323
0.03212
0.05372
0.00274
-0.07017
-0.06778
-0.04795
0.02883
0.03025
-0.02676
-0.02850
0.07554
0.00615
-0.01924
-0.06497
0.03426
0.06614
-0.03791
-0.15974
0.07681
-0.01003
0.07659
-0.04059
-0.01103
0.00730
0.03040
-0.01271
0.01937
-0.08131
0.02033
0.00725
-0.05930
0.00263
0.00014
-0.03071
-0.00283
0.04284
-0.01568
-0.00898
0.01922
-0.06542
-0.00229
-0.01459
0.01547
-0.00165
-0.02157
0.01431
0.10992
0.02545
-0.03278
-0.01278
0.01603
-0.08010
-0.01979
-0.07440
0.08327
0.03906
0.07655
-0.01162
0.02344
0.03447
0.05559
0.02116
-0.01800
0.03454
-0.00374
0.01410
-0.01314
0.05330
-0.02388
0.05744
-0.03602
-0.03481
-0.08451
-0.07020
0.04599
0.04833
-0.11179
0.10707
-0.05368
0.04431
-0.06853
-0.02295
0.01283
0.03226
0.01640
0.05327
-0.03834
-0.05638
-0.01183
-0.08248
-0.04569
-0.13065
-0.07749
0.01134
-0.01655
0.00531
-0.02007
0.00865
0.07088
0.07263
-0.03016
0.16890
-0.07747
-0.00744
-0.01872
0.02436
-0.03649
0.07920
0.13222
-0.06584
-0.03488
-0.03234
-0.01246
-0.01310
-0.02799
-0.07671
-0.03126
0.02327
-0.02290
0.01287
0.00310
0.07184
0.01833
0.00467
-0.04892
-0.06015
0.06247
0.02406
-0.00126
0.01636
-0.02349
-0.00964
0.10148
-0.05933
-0.03614
0.10629
0.01880
0.06348
-0.10358
0.01442
-0.00733
-0.01417
-0.07607
-0.08612
-0.04610
-0.04755
-0.02866
-0.05123
0.05118
-0.01604
-0.05545
0.01737
0.07471
0.03344
-0.01148
-0.06993
0.01307
0.03094
0.05060
0.05975
0.03400
0.00638
-0.06636
-0.06697
-0.07693
0.06037
0.07039
0.03063
-0.01983
-0.03338
-0.04170
0.04066
-0.02039
0.00613
-0.02474
-0.03059
0.00661
0.04336
0.04868
-0.02378
0.04142
0.02439
-0.15517
0.04010
0.02486
0.11482
-0.09273
0.05745
0.12119
-0.00485
0.04510
0.03199
-0.04338
-0.02349
0.01242
0.03354
-0.05195
-0.07350
0.02391
0.00591
0.02226
-0.02754
0.13623
-0.01173
-0.01515
-0.08153
0.00700
-0.06790
0.00382
0.07854
0.01075
-0.10644
0.11382
-0.05287
-0.09357
-0.11318
-0.05154
0.09580
-0.01944
-0.02885
-0.05490
-0.01132
0.02779
0.05748
0.18833
0.01523
0.02235
-0.07013
0.05569
-0.05349
-0.02769
0.09106
-0.00061
0.04695
-0.00180
-0.03681
0.04880
-0.02238
-0.03051
-0.06322
0.10749
0.08238
0.01052
0.01153
0.02513
0.06320
-0.12301
-0.07114
0.05548
-0.03937
-0.07700
0.03820
-0.02779
-0.06835
-0.11207
-0.00954
-0.05864
0.00938
-0.03272
0.02125
-0.05377
0.02628
0.01771
-0.06126
-0.05559
0.04604
-0.01089
0.01604
-0.10474
-0.02184
0.00364
-0.02796
0.09156
-0.07336
-0.06263
0.05731
-0.02631
0.01163
0.06134
-0.02383
-0.02376
0.01927
-0.06291
-0.00097
0.05908
-0.06044
-0.09215
-0.01606
0.02691
-0.05820
-0.01996
0.07202
0.03653
0.06493
0.03104
0.02443
0.04330
0.10383
0.05373
-0.11201
-0.04069
-0.03291
0.02910
0.07469
-0.04070
0.01378
-0.02687
-0.01607
-0.01655
0.00826
0.01701
-0.02742
-0.01375
0.06928
-0.07865
0.02151
-0.06782
0.02128
-0.04405
-0.09425
-0.02501
-0.00403
-0.04500
-0.05588
-0.01951
0.02755
0.05894
0.00815
0.05358
0.06765
0.03946
-0.07887
-0.03015
-0.00428
-0.03760
0.06953
-0.05464
-0.01211
0.00902
0.01678
0.03649
0.12451
-0.09643
0.07893
-0.01395
0.00703
-0.03157
-0.10963
-0.08379
0.00895
0.01185
-0.08184
-0.01985
-0.00980
0.03613
0.04531
0.04144
0.05404
-0.06443
-0.04032
0.03956
-0.03709
0.00437
-0.07054
0.05015
-0.01193
0.01947
0.03096
-0.07768
-0.02579
0.00285
0.06732
-0.08039
-0.02142
0.02866
-0.07050
0.09521
0.01194
0.00106
0.13283
0.01492
-0.13390
-0.02553
-0.01371
-0.08006
0.00157
0.02375
0.05740
0.04669
0.03279
-0.01574
0.00568
-0.01827
0.03600
-0.01561
0.01757
0.03482
-0.03087
-0.02467
0.05108
0.07314
0.06676
0.00600
-0.01918
-0.10618
-0.01175
0.03240
0.00609
0.05758
-0.10670
-0.11216
0.06776
-0.07179
-0.04635
0.02204
0.07773
0.00789
-0.07627
0.00421
0.04780
-0.00200
-0.06154
0.09742
-0.10116
-0.07086
0.10188
-0.07951
0.02692
-0.00744
0.03886
0.02399
0.01606
0.05009
0.05924
0.00950
0.06226
0.01262
-0.04381
0.02367
-0.01471
0.04172
0.08393
0.07809
-0.02896
-0.03215
-0.08931
0.02711
-0.00593
0.04650
0.03738
-0.11917
-0.02045
0.05807
0.00385
0.01159
-0.02895
-0.04705
0.04068
-0.00238
-0.03294
-0.01825
0.06263
0.07329
-0.03471
-0.04846
0.01074
-0.00257
0.06490
0.07012
0.05603
0.05044
-0.00285
0.10049
0.00460
0.00009
-0.00467
0.05818
-0.10929
0.04580
-0.04668
-0.02695
-0.05449
-0.07167
-0.05802
-0.06461
-0.06539
-0.00931
0.05142
0.06566
-0.02307
0.09701
-0.00658
0.00843
0.07195
0.03805
0.03406
0.07685
-0.01413
0.01463
-0.00682
-0.00929
0.00198
0.08000
0.00676
-0.06531
0.03866
0.03472
-0.07792
0.00883
-0.01463
0.03063
0.02216
0.07765
0.08008
0.02975
-0.01272
0.00527
-0.05827
0.06152
0.05015
-0.07405
-0.00031
0.10512
0.02073
0.03664
-0.09048
0.04345
-0.04932
0.00340
0.04591
0.00600
-0.03298
-0.06479
-0.03025
-0.01580
0.12236
0.04754
0.05091
0.06795
0.01094
-0.00798
0.13986
0.03612
0.03053
-0.00792
-0.00626
-0.01302
-0.09159
-0.03746
0.04499
0.01911
-0.11607
0.07245
-0.07834
0.07138
0.01092
-0.01910
0.01225
0.00752
0.06455
-0.01154
-0.01940
0.12110
0.03124
0.10942
0.07059
-0.01493
0.01857
-0.03331
-0.06945
-0.01947
-0.02275
-0.01289
-0.02185
0.12247
0.02854
-0.04666
0.02602
0.06075
0.03127
-0.00767
0.04306
-0.02727
-0.02380
0.08434
0.00654
-0.04600
-0.08843
0.12907
-0.05304
0.06232
-0.04357
-0.02376
0.03137
0.01932
-0.07039
-0.03166
-0.02656
-0.07664
-0.03131
-0.02373
-0.05338
-0.09313
-0.02003
-0.01404
-0.05010
0.01356
0.02247
-0.03750
0.01343
-0.01581
0.03511
-0.07617
0.00980
0.00164
-0.05947
0.00628
-0.14319
0.02504
0.00444
-0.02724
-0.02401
-0.10192
0.00728
-0.08220
-0.04802
0.00994
0.04033
0.10150
0.06298
-0.10153
-0.04059
-0.05996
-0.09817
-0.10045
0.04709
0.04975
0.01924
-0.00800
0.05762
-0.01846
-0.05989
-0.04282
-0.01363
-0.01023
0.00286
-0.04027
-0.01506
0.08977
0.00599
0.00546
0.01652
0.00963
0.03268
0.01745
0.04458
-0.05648
0.01465
0.01771
0.04610
0.01037
0.06811
0.07944
-0.01702
-0.02560
-0.01623
-0.01492
-0.00809
-0.02390
-0.00374
-0.02550
-0.01753
-0.04274
-0.01261
0.01600
-0.03442
-0.00525
-0.00741
0.02932
-0.02953
0.03483
-0.06290
0.03254
0.02682
0.04610
0.00487
-0.01544
-0.05717
-0.08773
-0.04657
-0.03341
-0.04086
0.03437
0.03076
-0.02926
-0.03879
0.03184
0.00325
0.00987
-0.07319
0.00975
0.00995
-0.01835
-0.02226
-0.05326
0.03111
-0.06577
-0.06129
-0.06838
-0.03143
-0.13459
-0.07414
0.05533
0.03054
-0.03233
-0.09318
0.04644
0.01490
0.12656
0.02511
-0.05650
-0.09644
-0.04577
0.00269
0.04253
0.06167
0.04705
-0.06917
0.09037
0.04387
0.03851
0.10038
-0.05077
0.00649
-0.07673
-0.04329
0.04350
-0.07628
-0.00377
-0.00459
0.01514
0.06788
0.03286
0.00405
-0.05398
0.10147
0.07383
-0.06961
0.01186
-0.09589
0.01389
0.00161
0.13560
-0.01227
0.05839
0.00521
0.02137
-0.04555
-0.09875
-0.04506
-0.04443
0.10981
0.04769
-0.04690
-0.05540
-0.06531
-0.05144
-0.14616
-0.00138
0.01084
0.02668
0.01778
-0.00515
0.06280
0.04323
0.00856
0.02148
-0.01920
-0.00008
-0.05303
-0.03736
0.07322
0.15516
-0.00828
-0.03451
0.01598
-0.00175
0.02351
0.06778
-0.05300
-0.05908
-0.01111
-0.00953
-0.10597
0.05495
-0.05605
0.02023
0.00618
0.08878
0.02851
0.09949
-0.09120
-0.05798
0.00909
0.06530
-0.06299
0.00666
-0.03952
0.11731
-0.03474
0.12704
-0.05641
0.08039
0.08527
-0.12256
0.00155
-0.05708
0.09405
-0.11437
-0.02990
-0.01324
-0.06029
-0.08082
-0.02287
0.13886
0.04146
0.02230
-0.05599
-0.08872
0.07138
-0.00751
-0.05412
0.03397
-0.05492
0.04168
0.03247
-0.01281
0.07808
0.02899
0.00774
0.01341
-0.06161
-0.02160
0.07700
0.02602
0.02515
-0.00856
-0.00941
-0.00162
0.04873
0.02199
-0.00422
0.05754
-0.10096
-0.05982
0.10033
0.12657
0.00941
-0.13189
0.13896
0.01167
0.02136
0.01392
-0.06709
-0.03083
-0.04071
-0.03186
-0.00713
0.03076
-0.00355
0.09478
0.08671
-0.01098
0.00328
0.10061
0.02937
0.06840
0.02552
-0.06527
-0.05442
0.02344
-0.05561
-0.05467
-0.13732
0.04359
-0.09803
0.06820
0.08081
-0.07396
0.04128
-0.05834
0.07727
-0.03368
-0.00565
0.07792
-0.03473
0.00267
-0.00823
0.00703
0.01043
0.05698
-0.04235
0.02322
0.00403
-0.03942
-0.05640
0.01154
-0.03589
-0.07443
-0.02180
-0.02701
0.11749
-0.03606
-0.04235
-0.11026
-0.00858
0.02291
-0.03860
0.03548
0.02191
-0.03524
0.01329
-0.07939
0.01242
-0.05113
-0.09966
0.04334
0.00580
-0.11061
0.00753
0.01725
0.12584
0.01231
-0.05442
-0.06532
0.03820
0.05031
-0.01834
0.06498
-0.03233
0.01525
-0.06208
0.08493
-0.00006
0.10789
0.04501
-0.05117
0.07473
0.00509
0.02689
0.01672
-0.02388
0.05395
0.02810
-0.08322
-0.06796
0.04321
-0.03461
-0.05289
0.03666
-0.05278
0.01577
0.01687
-0.00896
0.04136
0.00901
0.06963
0.00078
0.00542
0.05265
-0.03578
0.15783
0.08053
-0.01665
-0.03725
-0.11584
0.03113
0.01055
-0.05348
0.03606
0.00050
0.02152
-0.00544
-0.02006
0.03896
0.06919
0.05206
0.07096
-0.09694
0.09568
-0.00955
-0.23801
0.05421
0.02037
0.02152
0.05249
0.00905
-0.00397
0.06208
0.13164
0.01537
-0.03783
0.00221
-0.06688
-0.00242
0.16107
-0.05211
0.00130
-0.03371
0.03475
-0.01193
-0.07531
0.04719
-0.07503
0.02709
0.07904
-0.04197
0.06705
0.02701
0.06282
0.06266
-0.01814
-0.02131
0.02818
-0.01630
0.00729
-0.03870
0.01497
0.05831
-0.02303
0.13424
-0.05028
0.04798
-0.05634
-0.03909
-0.01592
-0.10807
0.01577
-0.10609
-0.03311
-0.03282
-0.09655
-0.06585
-0.03641
0.05767
-0.07591
0.10409
0.03310
0.14646
0.04503
0.03104
-0.03603
0.01553
-0.01568
-0.04348
0.08245
-0.00527
0.01425
0.00839
-0.00068
0.01169
0.01311
0.08718
-0.01949
-0.05089
0.04554
0.10763
-0.05437
-0.01533
0.00935
-0.06404
-0.11440
-0.01334
-0.01951
0.01721
0.00140
0.05544
-0.00202
0.04482
0.00634
0.07571
-0.01665
0.10307
-0.05621
0.05470
-0.06366
-0.07477
0.11512
-0.06632
0.00438
-0.06515
0.09212
-0.00404
-0.02456
-0.08963
0.02734
0.11139
0.01957
0.04371
-0.04343
0.04615
0.03970
-0.05252
-0.03878
0.02183
-0.05419
-0.09646
-0.01590
-0.08189
0.01901
0.00393
-0.09869
0.07106
-0.01904
-0.03359
0.08205
-0.08354
-0.06225
-0.11212
-0.01589
-0.12974
0.07044
0.01474
-0.07021
0.07857
-0.02465
0.02115
0.02275
-0.04970
0.01571
0.02417
-0.06145
-0.03425
-0.07570
0.02070
0.03285
-0.00585
-0.01686
0.01375
0.04662
0.00905
0.03875
-0.08581
-0.02702
0.02950
-0.09689
-0.05771
0.04144
0.01209
-0.06759
0.00792
-0.08535
0.01448
-0.01366
-0.10795
0.03711
-0.08787
-0.01513
-0.00328
0.00866
0.07149
0.02711
0.02747
-0.05927
0.05450
0.05734
-0.03760
-0.00213
-0.01232
0.03743
0.13645
-0.03464
0.02722
0.06254
-0.01408
-0.03190
-0.01100
-0.01977
0.03217
-0.00645
-0.21390
0.06436
-0.11392
-0.05634
-0.02085
0.04509
0.05044
0.08018
-0.10009
0.02150
-0.04405
0.00041
0.02626
0.05980
0.04802
-0.03115
0.02801
-0.03308
0.02068
0.05980
0.03975
-0.01506
0.10184
-0.00601
-0.04541
-0.04459
0.10020
0.02411
-0.00682
0.03827
0.08483
-0.13854
0.03515
0.05292
-0.07845
0.09185
-0.05825
-0.03357
-0.01541
0.06139
-0.04709
-0.03227
0.03549
0.01527
0.06325
-0.01666
-0.03495
-0.06007
0.09368
-0.11123
0.02926
-0.14702
0.05358
-0.02950
-0.03777
-0.02949
0.03680
-0.02698
0.09444
0.11023
-0.05325
0.06925
-0.06525
-0.01785
0.00795
-0.03033
0.00126
0.14440
-0.02511
-0.07215
0.03220
-0.00770
-0.03028
-0.11736
0.06531
0.01543
-0.09446
0.03974
-0.09089
-0.00215
0.02279
-0.05208
-0.12127
-0.03210
-0.02719
0.01168
0.01261
0.04853
-0.03858
0.02999
0.06566
0.03978
0.03836
0.02501
0.03304
0.09071
-0.02952
-0.01469
0.00560
-0.03366
0.06454
-0.10538
0.07106
-0.09681
0.00630
0.06149
-0.02813
-0.07018
-0.02859
-0.01526
0.05940
0.02824
-0.05065
0.01272
0.02315
-0.10421
-0.02859
0.00135
0.02153
0.05864
-0.09673
-0.05515
0.00796
0.07474
-0.05916
-0.00332
0.07765
-0.00719
0.09510
-0.11173
0.03661
-0.03684
0.01126
-0.03245
-0.06572
0.07010
0.05374
0.00743
-0.00066
0.04093
0.01981
0.10213
0.10967
0.04220
-0.02122
0.00916
-0.03241
-0.05199
0.07235
-0.01655
0.02780
-0.01118
0.02364
-0.00924
0.01281
-0.00764
0.01920
0.04434
-0.05470
-0.07251
-0.10524
-0.01489
-0.02585
-0.07383
0.02981
0.02988
0.01627
-0.00022
0.02135
-0.07600
-0.05033
-0.05723
0.00385
-0.01158
0.07033
-0.01809
-0.09167
-0.03820
0.05354
0.00395
-0.02776
-0.02859
-0.01660
0.00016
-0.00471
-0.17004
0.01411
-0.00231
-0.14481
0.14342
-0.05893
0.01946
-0.00971
-0.03596
0.07678
0.04313
-0.05526
-0.02808
0.01433
0.03688
0.01121
0.01535
0.02296
-0.03604
-0.05408
-0.07828
-0.02990
0.11035
-0.01570
-0.07419
0.05078
-0.02473
-0.05473
0.08255
-0.02530
0.12375
-0.00346
0.04648
0.03010
-0.02405
-0.01943
-0.01242
0.05915
-0.00767
0.08612
-0.00724
0.01189
0.04940
-0.05759
-0.06041
0.01166
-0.08149
-0.03882
-0.07044
-0.09326
0.02330
0.03806
-0.06620
-0.00132
0.03942
-0.04237
0.03331
0.01072
0.08545
0.07237
0.15088
-0.07048
0.04271
0.07755
0.12636
0.01380
0.01865
-0.05010
0.00362
0.02301
-0.08548
0.07365
-0.02626
-0.03354
-0.07461
0.03019
-0.04166
0.04002
-0.01057
-0.10336
0.04299
-0.02261
-0.08885
0.02464
0.00477
-0.09630
-0.00029
-0.01741
0.00111
0.06536
0.00092
-0.01883
0.00173
-0.02502
0.04748
-0.02360
-0.03343
0.03649
0.00502
-0.02479
-0.00424
0.03023
-0.09542
0.06934
0.01207
0.00785
-0.10630
0.06038
0.04088
-0.00465
0.01059
-0.08314
0.03392
0.00157
-0.00928
0.06196
0.07923
0.05533
0.01992
-0.00766
-0.02213
0.00563
0.09945
-0.10887
0.09506
-0.03200
0.09730
0.04362
0.01928
0.07746
0.10399
0.01343
0.01004
-0.02460
0.02613
0.01375
-0.02430
0.03648
-0.02928
0.01064
-0.05248
-0.05683
0.01047
-0.01863
-0.03754
0.02432
-0.11645
-0.05464
-0.01174
0.01601
-0.12512
0.02222
-0.08327
-0.00779
-0.12358
-0.08060
0.02045
0.01765
0.01383
-0.01431
-0.06295
-0.08222
0.00500
0.04988
-0.04124
-0.04571
0.03582
-0.04307
-0.01485
0.08096
-0.01653
-0.00755
-0.10597
-0.09793
-0.05367
-0.10108
-0.00967
-0.06181
-0.00899
-0.04791
0.06530
-0.03840
-0.00329
0.01690
0.02937
-0.01029
-0.04356
-0.06018
0.07055
-0.03280
0.03344
-0.05851
-0.02311
0.06981
0.05811
0.01738
-0.01577
0.08539
-0.02653
-0.06828
-0.05899
-0.02635
0.04806
-0.01211
-0.00949
0.02235
-0.00672
-0.02515
0.09394
0.06859
-0.05015
0.01036
-0.01272
-0.13173
-0.12019
-0.09023
-0.08582
0.07685
0.05673
0.01322
0.04235
-0.00249
-0.07856
-0.01363
-0.02841
0.03492
-0.00855
0.01152
0.11930
-0.01504
0.02989
-0.12318
0.08271
-0.05916
-0.09604
-0.03164
-0.02006
-0.00687
-0.01894
-0.04485
-0.00558
0.03562
-0.09513
0.09561
-0.07287
0.04559
0.00429
0.01737
0.07951
-0.08955
0.01728
0.01467
-0.07054
-0.09123
-0.00483
0.04205
-0.00141
0.12330
-0.03227
-0.07880
0.06985
0.08845
0.03749
0.04626
-0.04800
0.03940
0.03828
0.05073
0.01211
0.04709
0.02739
-0.02758
-0.04139
0.02874
0.07052
-0.02751
0.06509
-0.03969
-0.10380
0.06436
0.01533
0.00832
0.04108
0.01220
-0.05607
0.02327
0.00145
0.03015
0.02689
-0.02298
0.14593
0.00892
0.15691
-0.10320
0.04023
-0.06660
0.01638
0.04824
0.09527
-0.01290
-0.02406
0.04312
0.14990
0.11177
0.05756
-0.04940
0.05501
-0.00831
0.03416
0.00181
0.01806
-0.00782
-0.05066
-0.01583
-0.01110
-0.12426
0.01191
-0.12257
-0.02653
0.10434
-0.03164
0.04157
0.03823
-0.09203
0.03421
0.13168
-0.00107
-0.01793
0.00699
-0.04028
-0.00703
-0.01430
-0.11689
-0.03174
0.02156
-0.04432
0.07460
0.05790
0.07356
-0.12253
-0.05655
0.06605
-0.00463
-0.00264
-0.00475
0.04400
0.12618
-0.04590
-0.00996
0.06592
0.04663
-0.03388
-0.01713
0.00679
0.10388
-0.03825
0.11229
-0.10173
0.02817
0.04466
0.01304
-0.03669
-0.01720
0.11506
0.06450
-0.06665
-0.00349
-0.02204
0.02490
-0.08333
0.06960
0.01968
-0.02178
0.07526
0.00530
-0.06396
0.00553
0.07793
-0.06354
0.03213
0.03403
-0.05726
-0.04721
0.03038
0.05864
-0.07217
-0.02099
-0.00480
0.04492
-0.03054
-0.10401
0.03634
0.10053
-0.09169
0.04707
-0.05855
-0.01510
-0.08000
0.06885
0.10636
-0.04553
-0.06528
0.04403
-0.07845
-0.01507
0.11924
0.05825
-0.02575
-0.10846
0.04845
-0.00801
-0.00649
0.01107
-0.03919
-0.01423
0.00090
0.03660
-0.00778
0.00799
-0.06879
-0.03641
-0.01327
-0.01714
0.00889
0.02133
0.06755
-0.03495
0.03721
-0.06374
0.01548
-0.08419
-0.11527
0.01397
0.01668
0.03880
0.06525
-0.13109
0.03156
-0.01845
0.06106
0.01286
0.07389
-0.06607
-0.04165
-0.06788
-0.11405
0.09963
-0.00443
0.00412
0.13373
-0.01508
-0.06663
0.10313
0.05837
0.04519
0.00680
-0.02086
-0.03209
-0.00229
0.07752
0.03823
-0.04051
-0.02426
-0.07261
0.02726
-0.06950
-0.01488
0.12821
-0.11737
0.08077
0.01646
0.08144
-0.01280
-0.09732
-0.01127
-0.04690
0.05156
0.05616
0.05336
-0.02810
0.07365
-0.05378
-0.00487
0.07386
-0.02594
0.02895
-0.06267
0.06802
-0.10204
-0.00069
0.14720
-0.03259
0.07031
0.00287
0.09670
0.04500
0.00304
-0.01951
-0.02996
-0.09112
0.03279
0.02793
-0.03535
0.07814
-0.07390
-0.07065
0.03831
-0.02326
0.00303
-0.05820
-0.02765
-0.04009
-0.05638
0.05060
-0.02240
-0.01464
-0.01124
0.10660
-0.06383
0.01194
0.01583
-0.07552
-0.07695
-0.01095
-0.01799
-0.03168
0.00195
-0.00784
-0.05690
-0.00751
0.04560
-0.00151
0.02135
-0.01015
0.06239
-0.08933
0.08603
-0.00353
-0.01715
0.10552
0.04681
0.09204
0.00319
-0.02991
-0.08050
0.03815
0.04992
-0.01672
0.00899
-0.06629
-0.01725
0.00587
-0.03233
-0.01363
0.04970
-0.00626
0.00095
-0.03292
-0.00603
-0.06496
-0.00551
-0.02726
-0.06620
0.03793
-0.02419
-0.04899
0.03618
0.02923
-0.12447
-0.05422
0.00940
0.02807
0.02065
-0.05522
0.07973
-0.09526
-0.10642
-0.03902
0.02636
0.00359
0.07660
0.02968
-0.03020
-0.05324
-0.05898
-0.03018
-0.02186
0.02438
-0.07576
-0.04411
-0.06989
0.01396
-0.00801
-0.12188
-0.04720
-0.02157
0.00018
-0.01502
-0.03196
0.13491
0.00356
-0.07663
0.00906
-0.03781
-0.02782
-0.02519
0.04111
-0.00707
0.05372
0.09750
-0.07141
0.07966
-0.04939
-0.02140
0.02290
-0.01582
-0.07474
0.00912
0.00278
0.01099
-0.02069
-0.00203
0.00792
0.08047
0.03473
-0.04072
-0.05802
0.01604
-0.04095
0.02973
0.09506
0.02358
0.01024
0.08938
-0.07464
-0.03414
-0.03213
0.01149
0.05428
0.09496
0.01718
-0.00863
-0.00589
-0.06038
-0.00633
-0.03186
-0.13075
0.04618
-0.03998
-0.05391
0.05507
0.05133
0.02380
-0.02500
0.03091
0.00890
0.00955
-0.07707
-0.01739
-0.02851
0.02609
-0.10987
0.03610
-0.02810
0.05971
-0.05400
0.02644
-0.05994
0.06697
0.06900
-0.00797
-0.10251
0.01015
-0.09525
-0.00030
0.08581
0.02986
-0.06674
-0.08986
-0.04064
0.05785
-0.19435
0.07660
0.01400
-0.06577
0.03436
-0.00740
0.06996
-0.04503
-0.03191
0.01764
-0.05984
0.01335
0.10046
-0.12255
-0.01181
0.04523
-0.02847
0.04413
0.02730
-0.02118
0.04585
-0.06836
0.06399
0.06384
0.00041
-0.02466
0.07686
-0.04396
0.02748
0.08225
-0.04654
0.02809
-0.04274
-0.05695
-0.03027
0.00043
-0.01440
-0.13900
0.01364
-0.04655
0.03055
-0.01392
-0.05232
-0.04642
-0.10003
0.01478
0.05797
-0.00893
-0.09322
-0.07514
-0.04514
-0.04292
0.03803
0.07018
0.04419
0.05406
0.00157
0.03815
0.04614
-0.01004
0.10506
-0.02566
0.02052
0.11441
-0.03828
-0.06077
-0.08864
0.00849
-0.00400
0.03184
-0.00929
-0.07078
0.05427
0.09543
0.06677
-0.00056
-0.04265
0.01533
0.02364
-0.00477
-0.01351
-0.07003
-0.05824
0.01755
0.03257
-0.07984
0.01986
0.06241
-0.02846
0.04918
-0.07670
-0.09416
-0.03921
-0.05853
0.07200
-0.05102
0.05093
-0.00901
0.03389
-0.05774
0.05050
-0.00005
-0.00134
0.06983
-0.11377
-0.07575
0.00469
0.09530
-0.02388
-0.09042
-0.09012
-0.05628
-0.10920
0.06669
-0.08362
-0.07788
-0.02587
0.00476
-0.08880
0.04095
-0.06397
-0.02585
-0.07899
0.00659
-0.03625
-0.06611
0.01173
-0.08357
-0.09050
-0.01526
-0.02580
0.03085
-0.05185
0.04215
-0.04225
-0.08501
-0.01159
-0.00567
0.02560
-0.01396
-0.09178
0.08917
0.02283
-0.08723
-0.03548
-0.07223
0.01515
0.01567
0.05289
-0.11275
-0.05264
0.02192
-0.05211
0.05231
0.09688
-0.01767
0.02603
-0.04592
-0.01192
0.03527
0.08303
-0.03473
0.04325
-0.02133
-0.04571
0.02748
0.10780
-0.03953
-0.03185
-0.02918
0.04351
0.17664
0.05353
0.05205
-0.04287
-0.04083
0.02813
0.11783
-0.07610
0.05320
-0.02782
-0.04816
0.00130
0.06373
-0.05083
-0.07755
0.00247
-0.02979
-0.04487
0.01473
-0.06990
0.05994
-0.02446
0.00560
-0.03163
-0.08187
0.01681
0.03576
0.06069
-0.04645
-0.01861
-0.03165
-0.12638
0.01098
-0.04785
-0.03030
0.06496
-0.00693
-0.00761
0.08327
0.03672
0.07368
0.04446
-0.05723
0.01493
-0.06852
-0.14623
0.04650
0.04061
-0.13228
0.00821
0.02975
-0.02879
-0.09704
0.03921
0.00755
-0.04397
0.01889
-0.00985
-0.09494
0.06955
-0.06914
-0.11328
-0.02571
-0.01046
-0.14600
-0.03148
0.07772
-0.06836
-0.00035
0.10912
0.02656
0.01450
-0.14147
0.05226
0.01922
0.04607
0.06561
-0.12860
0.12580
-0.01398
0.04700
0.01395
-0.08682
0.01874
-0.01639
0.03523
0.04631
-0.05671
-0.01888
0.04735
0.01357
0.07258
-0.05252
-0.11739
0.00445
-0.07592
0.02691
-0.00020
-0.01150
0.14114
-0.04707
0.01829
-0.00592
-0.04975
-0.13047
0.10509
-0.00935
0.06258
0.03644
0.05832
-0.02054
0.05179
-0.06171
-0.13305
-0.00020
0.12083
0.02618
-0.05702
-0.00195
-0.08904
-0.02275
-0.01983
-0.02501
0.03905
-0.10944
-0.03805
-0.06999
0.06223
0.03627
0.10026
-0.04606
-0.05798
-0.05155
-0.02258
0.00271
-0.08036
0.00711
0.03944
0.07741
0.06268
-0.05195
0.07378
-0.05917
-0.00428
0.01011
-0.02631
-0.01093
-0.02617
-0.02283
-0.00898
-0.11873
0.07635
-0.02282
-0.00368
0.02801
-0.07594
-0.04090
-0.01454
0.04280
0.03351
-0.01839
0.13620
0.09154
-0.04111
0.10719
0.00421
0.04717
0.07486
0.02497
-0.09476
-0.00101
0.01769
0.06790
-0.03029
0.00896
0.03224
0.09629
-0.02352
0.07506
0.03080
0.01881
0.00202
0.02554
-0.05342
-0.11880
0.05572
-0.01474
0.06954
-0.05558
0.01938
-0.03642
0.05888
-0.05344
-0.01661
0.07037
0.02172
-0.01332
-0.03659
-0.09414
-0.07576
-0.03071
-0.02539
-0.08130
0.03863
-0.01242
-0.01537
-0.10978
0.02166
-0.03691
0.04885
-0.00041
-0.06171
0.10575
-0.03198
0.04458
0.04823
0.02725
-0.02102
-0.04517
0.02483
0.02123
-0.01728
0.04422
0.03447
0.01299
-0.00748
-0.05213
0.08661
0.00267
0.05552
0.02348
-0.01029
0.02984
-0.01947
-0.00233
-0.09399
-0.04981
-0.12855
0.07843
-0.00356
0.07819
0.03284
0.03235
0.04093
0.02137
0.07052
-0.07513
-0.04909
0.03821
0.02296
-0.03469
-0.07510
-0.01420
0.01297
0.05791
-0.06552
-0.07354
0.02224
-0.06257
0.05816
0.10669
0.02466
0.06847
0.02394
0.02590
-0.00162
0.06668
-0.06963
0.03387
0.05058
0.05647
-0.06029
-0.01769
0.02637
-0.03102
-0.09212
0.00020
-0.01171
0.00511
0.11363
0.00807
-0.03712
0.07289
-0.00952
-0.01626
0.00207
-0.04301
0.01079
0.03621
0.04885
0.01129
0.05748
-0.00989
-0.01499
0.04294
-0.11958
0.00714
-0.03973
0.06398
-0.11449
-0.02989
-0.09269
0.01081
0.05075
0.03850
0.09722
0.10032
0.08893
0.08815
-0.04069
0.02064
-0.01609
0.00724
0.00641
0.05243
0.05084
0.04899
-0.07184
-0.02930
0.00318
0.02942
-0.00834
-0.13585
0.10413
-0.03101
-0.05412
-0.01426
-0.05515
0.12247
0.09925
-0.02253
0.05033
0.01953
0.00311
0.05778
0.00315
-0.03247
0.00860
0.02922
-0.02367
-0.01680
-0.05335
0.03881
0.00801
0.02030
0.09190
-0.02787
0.05941
0.00976
-0.10128
0.02952
-0.06022
0.03788
-0.06051
0.02381
-0.05778
0.00270
0.00300
-0.07865
-0.01644
-0.01854
0.02375
-0.04627
0.05086
-0.01886
-0.00275
-0.04626
0.00934
0.00534
0.01388
0.02517
-0.02177
0.04884
-0.02708
0.08401
-0.02892
-0.07511
0.02436
-0.01644
-0.07231
0.10979
-0.05704
0.05101
0.02718
-0.02347
-0.02794
0.04335
0.06212
-0.15457
-0.02812
-0.02490
-0.01719
-0.05784
-0.09260
0.01992
-0.01779
-0.03323
0.03542
0.05540
0.01719
0.07310
-0.00461
0.03256
0.02022
0.15415
0.02682
-0.10501
-0.00348
-0.10038
-0.01713
-0.05463
0.02079
0.17255
-0.05260
-0.02193
-0.01921
0.08880
0.00943
0.01214
0.07135
-0.10176
-0.10769
0.01004
-0.07939
-0.00481
-0.04148
0.02812
-0.11440
0.05635
-0.05979
-0.01999
0.09253
-0.06982
-0.05716
-0.07368
-0.05215
-0.04999
0.04122
-0.01815
0.02292
0.00333
0.00872
0.01500
0.05904
-0.07018
-0.00485
0.13838
0.09828
0.05255
-0.03729
0.01768
-0.07361
0.01489
0.00325
-0.02786
0.06483
0.03174
-0.03614
0.02219
-0.03997
-0.01186
-0.12057
0.02623
-0.12246
-0.04866
-0.03255
-0.05625
0.04234
0.00744
-0.05059
-0.01875
0.01027
-0.01291
0.07852
-0.04348
-0.00417
-0.04188
0.07529
0.04069
-0.01310
-0.02083
0.03196
0.06257
0.01706
-0.04927
-0.08486
-0.05082
-0.02407
0.00456
-0.08225
0.06526
0.04568
-0.00322
-0.03351
0.07127
-0.12281
0.02250
-0.00950
0.05359
-0.10016
0.07761
-0.09540
0.00025
-0.05633
0.19065
0.04045
0.08372
-0.09340
0.10118
0.14113
-0.01687
-0.11153
0.05975
-0.01323
0.07915
-0.09401
-0.06862
0.03311
0.00197
0.00539
-0.05855
-0.06068
0.03889
0.06777
0.08785
0.03455
0.11093
-0.05928
-0.06289
-0.02138
0.06235
0.06089
-0.10863
0.04076
-0.01065
0.12148
-0.06306
-0.00106
-0.07342
0.06591
0.00894
-0.04165
0.03139
0.07768
-0.13433
-0.05484
-0.12143
-0.04796
0.03029
0.02951
0.00514
-0.04518
-0.09849
0.05318
0.05181
0.05918
0.00929
0.06510
-0.02421
0.01341
-0.08314
0.02132
0.03467
0.01971
0.07463
-0.08031
0.05039
0.01954
-0.11750
0.12736
-0.00331
-0.02100
0.02972
-0.02629
0.06356
0.07058
0.02030
-0.02298
-0.05288
-0.00818
0.01046
0.04624
-0.05494
0.01045
0.01293
-0.03384
-0.03496
-0.00244
-0.00639
0.02087
-0.06746
0.01743
0.02013
-0.04123
-0.00372
0.09759
0.00181
0.06717
0.05607
-0.15898
0.06749
0.09771
-0.00508
-0.00960
-0.03685
0.02352
0.05984
-0.01294
-0.04507
0.07052
-0.01868
-0.03812
-0.01572
0.02077
-0.02360
0.06175
-0.09762
0.02828
-0.00938
0.01430
0.00455
0.01268
-0.01755
0.01050
0.12687
-0.00609
-0.07002
0.06307
-0.01139
-0.04333
0.09768
-0.15664
-0.05968
0.16518
-0.03684
-0.01750
-0.04979
-0.03287
-0.01469
-0.08737
0.05477
-0.07967
-0.01794
0.01569
0.03941
0.00303
-0.01687
-0.00869
-0.00526
-0.01251
0.02277
-0.02134
-0.01493
-0.11129
0.05091
-0.00208
0.02107
0.03861
-0.00589
-0.09143
-0.00423
0.05899
0.03006
-0.02527
0.08584
0.01944
0.06978
0.02186
0.04385
0.05501
-0.03342
-0.06553
0.05399
0.01723
0.03700
0.04629
-0.09247
0.08771
0.02108
-0.08291
-0.02014
0.02709
-0.01664
0.10292
0.12782
-0.12819
0.07621
0.00375
0.03564
-0.04881
0.11394
0.06589
0.04519
0.03435
0.08025
-0.02027
-0.05390
0.01547
0.08795
0.04891
-0.01438
-0.01512
-0.05746
-0.12090
-0.04930
-0.07419
-0.02192
-0.07034
0.02251
-0.06174
0.00441
-0.04087
-0.05917
0.00762
0.01603
-0.06989
0.00652
0.04422
-0.00821
-0.01905
-0.06292
0.01900
0.03799
0.12848
0.00123
-0.02437
-0.00940
-0.07511
0.06346
-0.05781
0.01573
-0.00598
0.03083
0.10014
-0.06472
-0.00723
0.00894
-0.07314
0.01281
-0.05702
-0.01747
-0.06281
0.02078
0.04971
-0.02112
0.01982
0.02661
-0.07652
0.04653
-0.04027
0.03661
0.04462
-0.08786
0.09570
-0.07308
-0.01970
-0.04251
0.10704
-0.01056
-0.05093
0.01036
-0.01140
0.07529
-0.03770
0.00354
-0.05401
0.03009
-0.03440
0.03903
0.09890
0.06840
0.00919
0.05110
-0.02157
0.01807
-0.05837
-0.00479
-0.08924
-0.01998
-0.03579
0.05328
-0.08754
0.06014
-0.00362
0.01083
0.04094
0.01058
0.04138
0.05001
0.08339
-0.06841
0.07227
0.04640
0.04275
0.01151
0.01527
0.03703
-0.05944
-0.04715
-0.00586
0.07466
0.11949
0.04158
-0.00137
0.04894
0.00944
0.05905
0.03027
0.03093
0.13226
0.05951
-0.07943
0.01470
-0.03255
0.02833
-0.10923
0.00170
0.12111
-0.05614
0.16870
-0.04973
-0.11465
-0.01818
-0.02018
-0.00761
0.04205
0.00337
-0.01210
0.01707
0.05911
0.04444
-0.02299
-0.06024
0.06883
0.01227
-0.02252
-0.06493
-0.01626
-0.09655
-0.07176
0.00037
-0.06226
-0.01176
0.05883
0.06868
0.00559
0.02952
-0.01884
0.06670
0.04261
0.03579
0.06964
-0.05405
0.00078
-0.03541
0.05998
0.07442
0.05899
0.06447
-0.00830
-0.06717
-0.07584
0.03362
-0.05133
-0.00672
-0.02989
0.01145
0.02574
0.02135
-0.05900
0.03757
-0.06190
-0.11293
0.08361
-0.04524
0.07671
-0.02693
0.06526
-0.05944
0.13421
0.03969
-0.06438
-0.04649
0.04212
-0.02952
-0.00183
0.02670
-0.06009
0.04731
0.04491
0.03213
0.02210
-0.01077
0.08156
-0.07300
0.01915
0.09711
0.04774
-0.10105
-0.08681
-0.00298
-0.11919
0.04053
0.07440
0.06780
0.12581
0.08200
-0.03560
0.04698
0.03572
-0.05327
-0.06682
0.04199
0.04455
-0.06321
0.00551
0.00730
0.06490
-0.01777
0.07878
-0.01973
0.02734
0.02983
-0.02820
-0.07300
-0.02148
0.00715
0.05027
0.03560
0.12554
-0.08941
0.11747
-0.02605
0.01303
0.00183
-0.00792
-0.03992
-0.04484
-0.02389
0.10650
0.00401
0.05673
0.15027
0.00864
-0.08320
0.03068
0.02035
-0.07942
-0.00571
-0.00255
0.00822
-0.07678
-0.05284
-0.05035
-0.07155
-0.01994
0.08421
0.00061
0.06984
0.09472
-0.01440
-0.08661
-0.04625
-0.05860
0.15921
0.03188
0.03061
-0.04355
-0.03266
-0.00774
-0.05177
0.03440
-0.09733
-0.01191
-0.10898
0.04319
0.10357
-0.02216
-0.14282
0.02538
-0.05772
-0.00856
-0.05396
-0.02427
-0.00605
-0.01431
0.00707
-0.05714
0.09739
-0.01785
-0.05317
-0.01813
-0.03444
-0.00316
0.01934
-0.04987
-0.02952
0.01360
0.02898
0.03713
0.02428
-0.03607
-0.04707
-0.03352
-0.02346
0.01430
-0.06384
-0.04085
0.02094
-0.00699
-0.00710
-0.02894
-0.04100
-0.02657
-0.06019
0.07823
0.02693
-0.09784
-0.09780
-0.01948
0.05774
-0.06931
-0.00034
-0.01835
0.04936
-0.05676
0.07086
0.01734
-0.03491
0.04947
-0.01488
0.05918
-0.01407
0.03398
-0.00180
0.01536
0.04820
-0.00763
0.02041
0.00200
0.06326
0.05325
0.09028
-0.00830
0.09717
-0.00309
0.04701
-0.10585
0.00202
-0.14914
0.07341
0.03938
-0.00190
-0.03089
-0.04358
-0.04216
-0.03301
0.06508
-0.02793
0.06601
-0.09140
0.01598
0.08369
-0.02348
0.01594
0.11559
-0.09047
-0.01437
0.05929
-0.10637
-0.00370
-0.01233
-0.02927
0.03276
-0.04823
-0.05690
-0.02723
-0.04108
0.01570
0.02698
0.05546
0.10434
-0.00313
0.05244
-0.00013
0.01314
-0.01589
0.01532
-0.03291
-0.01241
-0.02463
-0.02148
0.03277
0.13838
0.04890
0.03519
-0.02591
-0.02423
0.04567
-0.04275
-0.00960
-0.05363
0.04013
-0.02381
-0.09300
-0.07762
0.03458
-0.08530
-0.06094
0.05534
0.09453
0.04277
-0.04379
-0.08351
0.00076
-0.03274
-0.05729
-0.00802
-0.01771
0.04090
0.03201
0.01369
-0.04874
0.02270
-0.01731
0.04165
-0.09069
0.05566
0.13213
0.01344
-0.16951
0.07127
0.00777
0.08559
0.03855
0.03467
-0.03109
-0.01466
0.07294
-0.07840
0.00682
-0.00223
0.00311
0.15945
0.04017
-0.10478
-0.05241
0.03466
-0.05597
0.04386
-0.03613
0.10429
0.08296
-0.00377
0.03494
-0.01872
-0.03269
-0.09582
0.06221
0.08119
-0.01985
-0.07951
-0.05686
0.00643
0.00072
-0.00597
-0.06834
0.05842
0.05890
0.06824
0.00962
-0.05298
0.08575
0.06806
-0.07073
-0.08101
0.01512
0.14025
-0.05299
0.00108
-0.01460
0.05104
-0.00495
0.02031
0.05685
0.00221
-0.03104
0.04642
-0.00019
0.00659
0.11291
-0.09014
-0.03347
-0.00380
-0.01740
-0.03661
0.03490
-0.02960
0.05061
0.02487
0.08817
0.02870
-0.00511
0.05458
-0.04042
0.00982
-0.02018
0.01842
0.17696
-0.08167
0.11677
-0.01707
-0.06204
0.06060
-0.03409
0.01589
0.08378
-0.02697
0.05573
0.02597
0.00063
-0.07571
-0.00933
0.05843
0.07847
0.08739
-0.02734
-0.00977
-0.03088
0.01264
-0.02764
-0.01296
-0.05438
0.11416
0.00714
-0.02342
0.04277
0.00737
-0.00136
-0.08735
-0.02636
-0.05248
-0.05522
-0.00699
-0.00163
0.02744
-0.02073
-0.01014
-0.01565
0.07717
-0.04836
0.04974
-0.12930
-0.05458
-0.03455
-0.05957
-0.06693
-0.00134
0.09084
-0.00568
-0.00804
-0.07271
-0.12738
-0.03879
-0.06319
-0.01017
0.00216
-0.05778
-0.03950
-0.00434
-0.00619
0.01512
-0.01311
0.03275
0.05357
0.12056
0.00769
0.01953
-0.06477
-0.03268
0.07563
0.05015
0.11809
0.05946
0.02821
-0.05241
-0.03657
-0.01153
0.12019
0.03598
0.00542
-0.01288
0.11551
-0.05436
0.01981
0.01139
-0.08457
-0.08038
0.00148
0.04739
-0.09822
-0.00956
-0.03005
0.04299
-0.02524
0.07551
-0.02464
0.04242
0.00839
0.05119
0.03144
0.04015
-0.01329
0.08600
-0.08487
-0.05054
0.05523
0.04098
0.07245
-0.09299
-0.05810
-0.07406
0.02745
0.00324
0.00293
-0.08431
-0.11301
0.02231
0.00884
0.07130
-0.01296
0.07001
-0.06632
0.00119
0.04918
0.09223
0.02003
-0.14047
-0.03321
-0.02876
0.10387
-0.02080
0.01288
0.03638
0.03594
-0.08686
0.08122
-0.01421
0.03391
0.00029
0.06728
-0.02213
-0.01735
-0.06898
0.04940
-0.04930
0.07538
0.01429
0.10121
0.06526
-0.00293
0.08904
0.00135
-0.02819
0.01033
0.03860
0.11212
0.02542
-0.13999
-0.00044
-0.06606
-0.11128
0.03900
-0.02361
0.04647
0.01299
-0.02672
0.00431
0.02151
0.05490
-0.01448
0.01382
0.06697
0.01921
-0.07404
0.05709
0.03102
-0.00015
0.01639
-0.02052
0.00261
-0.00576
0.12564
0.06069
0.03066
-0.11037
0.04683
0.00763
0.04672
0.08362
0.03359
-0.05880
-0.02583
0.09551
0.05204
0.02869
-0.03729
0.00634
-0.02669
-0.00267
0.02773
0.00655
-0.03240
0.00612
0.01069
-0.01889
0.00146
-0.11455
-0.01208
0.06116
-0.09216
-0.01071
-0.00950
-0.04674
-0.03006
0.00206
0.12457
0.03984
-0.02492
0.12048
0.07458
-0.02863
0.01090
0.09131
0.08190
0.01203
0.08128
-0.02561
0.00011
-0.05162
0.05549
-0.12244
0.07228
0.04437
-0.06335
0.06643
-0.05541
-0.04522
0.01721
0.06602
0.04483
0.05823
0.03968
-0.00890
0.05504
-0.05053
-0.00182
-0.05504
-0.13760
-0.10137
0.01035
0.06552
0.14025
0.07518
-0.00570
-0.06915
0.02888
0.01959
0.00642
0.07530
-0.02088
-0.01147
-0.06859
0.00516
0.13013
0.12524
0.00765
0.08347
-0.00124
-0.11522
0.04830
0.00214
-0.05711
-0.00362
-0.03734
-0.00876
-0.03059
-0.09289
-0.11508
0.01175
0.00268
0.01629
0.01236
0.08288
-0.01387
0.06683
-0.03359
-0.07315
-0.09053
-0.04105
0.08710
0.00251
0.00989
-0.04014
-0.02646
-0.02355
-0.00459
0.12294
0.00263
-0.03580
0.01187
0.09104
0.07529
0.04395
0.04904
0.02688
0.12169
0.05072
-0.07205
0.02719
0.02251
-0.07504
-0.01746
-0.07429
-0.03245
-0.06821
-0.00079
-0.12003
-0.01668
-0.04072
-0.04001
0.00423
-0.01178
-0.17295
-0.00510
0.02308
0.02036
0.01591
0.00818
-0.00068
0.05309
-0.12228
0.03283
-0.03021
0.05147
0.07798
0.00502
-0.10984
-0.05269
0.02286
0.00347
0.06082
0.01884
-0.03348
0.04327
-0.07568
0.08020
-0.00846
0.01003
-0.13248
0.05432
0.06551
0.06794
-0.01710
-0.05758
-0.01024
0.04742
0.02215
-0.03511
-0.04737
0.02259
-0.06650
-0.10999
0.06422
0.00367
0.01444
-0.08181
-0.05859
-0.04327
-0.00848
-0.02467
0.04621
0.09553
-0.04882
0.05648
-0.07317
0.04645
-0.00597
-0.01715
-0.18248
0.02104
-0.04134
0.05284
0.02286
0.03959
-0.00130
0.03167
-0.05711
-0.03824
0.03079
-0.00949
0.05025
-0.02930
0.01619
-0.01654
-0.01600
0.04029
