-7.65346204076477277904
-9.74515487463408052685
-9.74271346259777274237
-7.65241969437195419411
-5.98896995238388223960
-4.76256058757136245801
-7.08929331597179032643
-4.76239237819454799740
-6.65057208033305650823
-4.22972120869954540520
-5.28202377291380469147
-7.64056861228247856822
-4.00861792263382076505
-4.76128888412742188240
-5.98410790578880546261
-9.54344780278464576567
-3.71718000179082261390
-4.22821099163815430650
-4.91751516522560338553
-5.97680604182285058531
-8.29774679944137517548
-3.16905628359867310448
-3.46253113542997415517
-3.80734085943853195521
-4.22479749881698133339
-4.75300596988915931155
-5.47055820814207865435
-6.58232107436443622745
-8.75755314325264622600
-2.68639053281286071129
-2.85260911907597905024
-3.03426802450674127265
-3.23440079872233741845
-3.45703174161552799449
-3.70765216056216863469
-3.99401397114895151549
-4.32752142555323236804
-4.72581389226597615993
-5.21781066289096334080
