-8.96717421477621312847
-8.07245195963665665255
-7.80462561164138526231
-8.54008154019841426129
-6.50645540802608977589
-4.95711310272554162536
-7.87891424795033869406
-5.03217275314847234217
-7.74881793120573774498
-4.45307903206623956595
-6.04750283824998352208
-6.27717000373681228726
-4.27730495421608415078
-5.42873625110596941604
-6.57849785472643229338
-5.68086961129310621596
-4.03786082897489039456
-4.84442281225918636167
-7.27544107427592993661
-5.55510794912927050211
-5.15394675150335733558
-3.47136507073941089747
-3.91125351581697949430
-4.54832637295067557497
-5.87430073090617918107
-5.71952559597480697040
-4.87078825347227277335
-4.57313812564232360361
-4.48863731220473896914
-3.02990972535557774635
-3.29697832424498484547
-3.62871959534193916906
-4.07440272255758934375
-4.78342603498440044254
-7.32267904196092816798
-5.09893825391090638709
-4.43047131442992652177
-4.08981697124821350249
-3.88296706382312204375
