-2.20727491318972080317
-2.12026353620009103693
-2.04022082852655461125
-1.96611285637283273277
-1.89711998488588128129
-1.83258146374831010954
-1.77195684193187526700
-1.71479842809192665500
-1.66073120682165088725
-1.60943791243410035379
-1.56064774826466835073
-1.51412773262977549374
-1.46967597005894165638
-1.42711635564014572761
-1.38629436111989059804
-1.34707364796660930182
-1.30933331998376227307
-1.27296567581288742335
-1.23787435600161732001
-1.20397280432593597186
-1.17118298150294510127
-1.13943428318836480011
-1.10866262452161111181
-1.07880966137192995757
-1.04982212449867766749
-1.02165124753198134557
-0.99425227334386690289
-0.96758402626170557782
-0.94160853985844491978
-0.91629073187415504436
-0.89159811928378354337
-0.86750056770472304131
-0.84397007029452892376
-0.82098055206983018431
-0.79850769621777158982
-0.77652878949899634700
-0.75502258427803276041
-0.73396917508020041818
-0.71334988787746473699
