
 0.100000,677.62011226522506612824,5.42687495238826622668
 0.090909,676.58726894352381697750,4.39403163068701707594
 0.083333,675.82360928029774405079,3.63037196746094414923
 0.076923,675.24308270852558799824,3.04984539568878809668
 0.071429,674.79147489678270577240,2.59823758394590587084
 0.066667,674.43324876613898560818,2.24001145330218570662
 0.062500,674.14432156479770086310,1.95108425196090096154
 0.058824,673.90790318314174578429,1.71466587030494588273
 0.055556,673.71199768828590864755,1.51876037544910874599
 0.052632,673.54784948941592437333,1.35461217657912447176
 0.050000,673.40894690226753105389,1.21570958943073115233
 0.047619,673.29036574722588115449,1.09712843438908125293
 0.045455,673.18832653896133511040,0.99508922612453520884
 0.043478,673.09988936865266662135,0.90665205581586671979
 0.041667,673.02273962987304134487,0.82950231703624144330
 0.040000,672.95503493946366135869,0.76179762662686145713
 0.038462,672.89529406361770497158,0.70205675078090507002
 0.037037,672.84231517362215890810,0.64907786078535900653
 0.035714,672.79511490226476450038,0.60187758942796459882
 0.034483,672.75288236419822640588,0.55964505136142650432
 0.033333,672.71494408358052691232,0.52170677074372701076
 0.032258,672.68073696894481100506,0.48749965610801110349
 0.031250,672.64978729214664765479,0.45654997930984775323
 0.030303,672.62169419385794744137,0.42845688102114753981
 0.029412,672.59611663491431859940,0.40287932207751869784
 0.028571,672.57276299466636743096,0.37952568182956752940
 0.027778,672.55138271995989796004,0.35814540712309805848
 0.027027,672.53175957538650103773,0.33852226254970113617
 0.026316,672.51370615326870755490,0.32046884043190765334
 0.025641,672.49705938166437735326,0.30382206882757745170
 0.025000,672.48167682829807922928,0.28843951546127932772
 0.024390,672.46743364322290337221,0.27419633038610347064
 0.023810,672.45422001710663717500,0.26098270426983727344
 0.023256,672.44193905809652944683,0.24870174525972954527
 0.022727,672.43050501029412052700,0.23726769745732062544
 0.022222,672.41984175243686588930,0.22660443960006598774
 0.021739,672.40988152752372225551,0.21664421468692235395
 0.021277,672.40056386365953733364,0.20732655082273743208
 0.020833,672.39183465391603877759,0.19859734107923887603
 0.020408,672.38364536898189527392,0.19040805614509537236
 0.020000,672.37595238114575402211,0.18271506830895412055
 0.019608,672.36871638197453399100,0.17547906913773408943
 0.019231,672.36190187913606308712,0.16866456629926318556
 0.018868,672.35547676030586450313,0.16223944746906460157
 0.018519,672.34941191412777944381,0.15617460129097954225
 0.018182,672.34368089985547700671,0.15044358701867710515
 0.017857,672.33825965865671975275,0.14502234581991985118
 0.017544,672.33312626068341322227,0.13988894784661332071
 0.017241,672.32826068293018995092,0.13502337009339004936
 0.016949,672.32364461367267860492,0.13040730083587870336
 0.016667,672.31926127991120162308,0.12602396707440172152
 0.016393,672.31509529477871395242,0.12185798194191405086
 0.016129,672.31113252231538390813,0.11789520947858400657
 0.015873,672.30735995738792720733,0.11412264455112730577
 0.015625,672.30376561884537517377,0.11052830600857527221
 0.015385,672.30033845426938382550,0.10710114143258392394
 0.015152,672.29706825490353433450,0.10383094206673443294
 0.014925,672.29394557953713418286,0.10070826670033428130
 0.014706,672.29096168628177782045,0.09772437344497791889
 0.014493,672.28810847131968753132,0.09487115848288762976
 0.014286,672.28537841382060635809,0.09214110098380645653
 0.014085,672.28276452632801263309,0.08952721349121273153
 0.013889,672.28026031000214057798,0.08702299716534067642
 0.013699,672.27785971418436794522,0.08462240134756804366
 0.013514,672.27555709981245135598,0.08231978697565145442
 0.013333,672.27334720627289094130,0.08010989343609103974
 0.013158,672.27122512132648446403,0.07798780848968456247
 0.012987,672.26918625378622840216,0.07594894094942850060
 0.012821,672.26722630866215907330,0.07398899582535917174
 0.012658,672.26534126452282308373,0.07210395168602318217
 0.012500,672.26352735285017830913,0.07029004001337840757
 0.012346,672.26178103918936657113,0.06854372635256666957
 0.012195,672.26009900591769796740,0.06686169308089806584
 0.012048,672.25847813647539052972,0.06524082363859062816
 0.011905,672.25691550091843895487,0.06367818808163905331
 0.011765,672.25540834266814416154,0.06217102983134425997
 0.011628,672.25395406634541684010,0.06071675350861693854
 0.011494,672.25255022658964831894,0.05931291375284841738
 0.011364,672.25119451777209228505,0.05795720493529238349
 0.011236,672.24988476452248020721,0.05664745168568030564
 0.011111,672.24861891299713168024,0.05538160016033177868
 0.010989,672.24739502282202258110,0.05415770998522267954
 0.010870,672.24621125965224022192,0.05297394681544032036
 0.010753,672.24506588829477132796,0.05182857545797142640
 0.010638,672.24395726634576986314,0.05071995350896996158
 0.010526,672.24288383829945936476,0.04964652546265946320
 0.010417,672.24184413008854521721,0.04860681725174531564
 0.010309,672.24083674402099286560,0.04759943118419296404
 0.010204,672.23986035407990802248,0.04662304124310812092
 0.010101,672.23891370155773827832,0.04567638872093837676
 0.010000,672.23799559099743644586,0.04475827816063654430
 0.009901,672.23710488641648114205,0.04386757357968124049
 0.009804,672.23624050779112504284,0.04300319495432514127
 0.009709,672.23540142778084960362,0.04216411494404970206
 0.009615,672.23458666867438349168,0.04134935583758359012
 0.009524,672.23379529954003630543,0.04055798670323640387
 0.009434,672.23302643356552865672,0.03978912072872875516
 0.009346,672.23227922557228047884,0.03904191273548057728
 0.009259,672.23155286969183214163,0.03831555685503224007
 0.009174,672.23084659719191163996,0.03760928435511173840
 0.009091,672.23015967444168899947,0.03692236160488909791
 0.009009,672.22949140100589854319,0.03625408816909864163
 0.008929,672.22884110785842776137,0.03560379502162785981
 0.008850,672.22820815570720642818,0.03497084287040652661
 0.008772,672.22759193342261169191,0.03435462058581179035
 0.008696,672.22699185656138048950,0.03375454372458058794
 0.008621,672.22640736598064770124,0.03317005314384779968
 0.008547,672.22583792653467027467,0.03260061369787037311
 0.008475,672.22528302584962855981,0.03204571301282865825
 0.008403,672.22474217317066319533,0.03150486033386329376
 0.008333,672.22421489827621637891,0.03097758543941647735
 0.008264,672.22370075045585546825,0.03046343761905556669
 0.008197,672.22319929754667366950,0.02996198470987376794
 0.008130,672.22271012502484538453,0.02947281218804548297
 0.008065,672.22223283514868447108,0.02899552231188456952
 0.008000,672.22176704615000231158,0.02852973331320241002
 0.007937,672.22131239147016984470,0.02807507863336994314
 0.007874,672.22086851903900583949,0.02763120620220593793
 0.007812,672.22043509059281662932,0.02719777775601672776
 0.007752,672.22001178102977947404,0.02677446819297957248
 0.007692,672.21959827780015561682,0.02636096496335571526
 0.007634,672.21919428032917431803,0.02595696749237441647
 0.007576,672.21879949947062982130,0.02556218663382991974
 0.007519,672.21841365698939152473,0.02517634415259162317
 0.007463,672.21803648507102679766,0.02479917223422689609
 0.007407,672.21766772585699517562,0.02443041302019527405
 0.007353,672.21730713100364801305,0.02406981816684811148
 0.007299,672.21695446126408263199,0.02371714842728273043
 0.007246,672.21660948609132751885,0.02337217325452761729
 0.007194,672.21627198326122598626,0.02303467042442608470
 0.007143,672.21594173851459175228,0.02270442567779185072
 0.007092,672.21561854521715856370,0.02238123238035866214
 0.007042,672.21530220403596650458,0.02206489119916660302
 0.006993,672.21499252263230250737,0.02175520979550260581
 0.006944,672.21468931536900603962,0.02145200253220613806
 0.006897,672.21439240303233036977,0.02115509019553046821
 0.006849,672.21410161256707016530,0.02086429973027026374
 0.006803,672.21381677682420852094,0.02057946398740861937
 0.006757,672.21353773432080547234,0.02030042148400557078
 0.006711,672.21326432901099529049,0.02002701617419538893
 0.006667,672.21299641006782149555,0.01975909723102159399
 0.006623,672.21273383167511961123,0.01949651883831970967
 0.006579,672.21247645282913052434,0.01923913999233062277
 0.006536,672.21222413714910021154,0.01898682431230030998
 0.006494,672.21197675269670551712,0.01873943985990561556
 0.006452,672.21173417180332093634,0.01849685896652103478
 0.006410,672.21149627090544376173,0.01825895806864386017
 0.006369,672.21126293038728621854,0.01802561755048631698
 0.006329,672.21103403443032053843,0.01779672159352063687
 0.006289,672.21080947086960599712,0.01757215803280609556
 0.006250,672.21058913105631482665,0.01735181821951492509
 0.006211,672.21037290972625510843,0.01713559688945520687
 0.006173,672.21016070487423282875,0.01692339203743292719
 0.006135,672.20995241763360905640,0.01671510479680915484
 0.006098,672.20974795216117797514,0.01651063932437807358
 0.006061,672.20954721552689603570,0.01630990269009613414
 0.006024,672.20935011760825411598,0.01611280477145421441
 0.005988,672.20915657098907819433,0.01591925815227829277
 0.005952,672.20896649086269558637,0.01572917802589568481
 0.005917,672.20877979493883574991,0.01554248210203584835
 0.005882,672.20859640335470758243,0.01535909051790768087
 0.005848,672.20841623858954994031,0.01517892575275003875
 0.005814,672.20823922538259709292,0.01500191254579719136
 0.005780,672.20806529065460688255,0.01482797781780698099
 0.005747,672.20789436343234762861,0.01465705059554772705
 0.005714,672.20772637477616501256,0.01448906193936511100
 0.005682,672.20756125771047589934,0.01432394487367599778
 0.005650,672.20739894715706919115,0.01416163432026928959
 0.005618,672.20723937987083235202,0.01400206703403245045
 0.005587,672.20708249437831738327,0.01384518154151748170
 0.005556,672.20692823091834983140,0.01369091808154992984
 0.005525,672.20677653138517698705,0.01353921854837708549
 0.005495,672.20662733927378407195,0.01339002643698417039
 0.005464,672.20648059962718151583,0.01324328679038161427
 0.005435,672.20633625898592128367,0.01309894614912138211
 0.005405,672.20619426533922308176,0.01295695250242318020
 0.005376,672.20605456807824701349,0.01281725524144711192
 0.005348,672.20591711795099043592,0.01267980511419053435
 0.005319,672.20578186701873291131,0.01254455418193300975
 0.005291,672.20564876861445435807,0.01241145577765445651
 0.005263,672.20551777730232773100,0.01228046446552782944
 0.005236,672.20538884883913799406,0.01215153600233809250
 0.005208,672.20526194013684839756,0.01202462730004849600
 0.005181,672.20513700922653521630,0.01189969638973531474
 0.005155,672.20501401522376061504,0.01177670238696071348
 0.005128,672.20489291829509831411,0.01165560545829841255
 0.005102,672.20477367962591358497,0.01153636678911368341
 0.005076,672.20465626138912257348,0.01141894855232267192
 0.005051,672.20454062671536588081,0.01130331387856597924
 0.005025,672.20442673966397445495,0.01118942682717455339
